1719997005013 1.95114 0
1719997155374 1.98763 1
1719997299323 1.98233 2
1719997442680 1.9568 3
1719997586585 1.91111 4
1719997729364 1.88475 5
1719997871905 1.86576 6
1719998014544 1.84767 7
1719998156916 1.83986 8
1719998299434 1.82253 9
1719998442118 1.81294 10
1719998584921 1.79093 11
1719998728402 1.77237 12
1719998875174 1.77234 13
1719999022411 1.75711 14
1719999169932 1.74977 15
1719999316299 1.7399 16
1719999466097 1.73465 17
1719999612817 1.7229 18
1719999758452 1.71909 19
1719999904979 1.71043 20
1720000050059 1.69415 21
1720000196134 1.68919 22
1720000342525 1.68613 23
1720000489431 1.67566 24
1720000635549 1.68073 25
1720000778727 1.66818 26
1720000991899 1.65373 27
1720001135942 1.64797 28
1720001278906 1.64992 29
1720001421025 1.63778 30
1720001563310 1.63146 31
1720001714798 1.62078 32
1720001859666 1.61839 33
1720002001925 1.61034 34
1720002143439 1.59985 35
1720002284694 1.59287 36
1720002426722 1.58808 37
1720002568942 1.58219 38
1720002710414 1.56867 39
1720002889551 1.5685 40
1720003031469 1.55257 41
1720003172390 1.54294 42
1720003313056 1.53618 43
1720003453426 1.53028 44
1720003593767 1.51626 45
1720003734418 1.50063 46
1720003875002 1.49755 47
1720004015697 1.49806 48
1720004156834 1.48474 49
