1719997005013 2.31685 0
1719997155374 2.06218 1
1719997299323 2.00021 2
1719997442680 1.92717 3
1719997586585 1.8511 4
1719997729364 1.78732 5
1719997871905 1.75516 6
1719998014544 1.70466 7
1719998156916 1.68967 8
1719998299434 1.65998 9
1719998442118 1.61662 10
1719998584921 1.59561 11
1719998728402 1.57291 12
1719998875174 1.54817 13
1719999022411 1.52935 14
1719999169932 1.50062 15
1719999316299 1.49425 16
1719999466097 1.47739 17
1719999612817 1.45724 18
1719999758452 1.43646 19
1719999904979 1.42075 20
1720000050059 1.39275 21
1720000196134 1.39139 22
1720000342525 1.36772 23
1720000489431 1.35498 24
1720000635549 1.35144 25
1720000778727 1.34178 26
1720000991899 1.31837 27
1720001135942 1.30287 28
1720001278906 1.29897 29
1720001421025 1.28289 30
1720001563310 1.26621 31
1720001714798 1.25088 32
1720001859666 1.24285 33
1720002001925 1.23531 34
1720002143439 1.21115 35
1720002284694 1.19761 36
1720002426722 1.19723 37
1720002568942 1.18238 38
1720002710414 1.16534 39
1720002889551 1.08963 40
1720003031469 1.06735 41
1720003172390 1.04343 42
1720003313056 1.04074 43
1720003453426 1.02588 44
1720003593767 1.0078 45
1720003734418 0.99714 46
1720003875002 0.98772 47
1720004015697 0.97853 48
1720004156834 0.97267 49
