1719997005013 1.58274 0
1719997155374 1.60634 1
1719997299323 1.61521 2
1719997442680 1.59167 3
1719997586585 1.56365 4
1719997729364 1.53998 5
1719997871905 1.52923 6
1719998014544 1.51808 7
1719998156916 1.50999 8
1719998299434 1.49654 9
1719998442118 1.48357 10
1719998584921 1.47966 11
1719998728402 1.4683 12
1719998875174 1.46862 13
1719999022411 1.45825 14
1719999169932 1.44664 15
1719999316299 1.44 16
1719999466097 1.43782 17
1719999612817 1.42421 18
1719999758452 1.41871 19
1719999904979 1.41344 20
1720000050059 1.4076 21
1720000196134 1.40713 22
1720000342525 1.40163 23
1720000489431 1.40252 24
1720000635549 1.39078 25
1720000778727 1.38606 26
1720000991899 1.3823 27
1720001135942 1.37305 28
1720001278906 1.37157 29
1720001421025 1.36853 30
1720001563310 1.36086 31
1720001714798 1.35855 32
1720001859666 1.35233 33
1720002001925 1.35016 34
1720002143439 1.34205 35
1720002284694 1.33894 36
1720002426722 1.33145 37
1720002568942 1.32859 38
1720002710414 1.32305 39
1720002889551 1.33616 40
1720003031469 1.33054 41
1720003172390 1.32008 42
1720003313056 1.31875 43
1720003453426 1.31618 44
1720003593767 1.30371 45
1720003734418 1.30078 46
1720003875002 1.29334 47
1720004015697 1.29516 48
1720004156834 1.2856 49
