1719997015841 0.16376 0
1719997164754 0.14728 1
1719997308793 0.16986 2
1719997452304 0.19437 3
1719997595896 0.19855 4
1719997738517 0.22511 5
1719997881114 0.2387 6
1719998023776 0.24118 7
1719998166073 0.24917 8
1719998308623 0.25081 9
1719998451436 0.25857 10
1719998594110 0.26215 11
1719998737487 0.27247 12
1719998884921 0.27433 13
1719999033424 0.27426 14
1719999179314 0.27958 15
1719999326070 0.2804 16
1719999475383 0.29019 17
1719999622025 0.28335 18
1719999767904 0.29582 19
1719999914196 0.29515 20
1720000059904 0.29423 21
1720000205327 0.29774 22
1720000351792 0.29966 23
1720000498919 0.30328 24
1720000644638 0.30476 25
1720000787970 0.30677 26
1720001001157 0.31047 27
1720001145022 0.31026 28
1720001287914 0.31065 29
1720001430132 0.30985 30
1720001572379 0.31602 31
1720001724191 0.31246 32
1720001868695 0.3154 33
1720002010908 0.31786 34
1720002152385 0.31758 35
1720002293914 0.31476 36
1720002435821 0.31705 37
1720002577996 0.31781 38
1720002719493 0.31874 39
1720002899252 0.31662 40
1720003040583 0.31866 41
1720003181410 0.31888 42
1720003322159 0.31854 43
1720003462367 0.32011 44
1720003602806 0.32147 45
1720003743456 0.31833 46
1720003884071 0.31799 47
1720004024763 0.31818 48
1720004166044 0.31932 49
1720004178746 0.32135131545878326 49
