1719997015841 0.37758 0
1719997164754 0.35433 1
1719997308793 0.3968 2
1719997452304 0.442 3
1719997595896 0.44379 4
1719997738517 0.50062 5
1719997881114 0.518 6
1719998023776 0.5184 7
1719998166073 0.52977 8
1719998308623 0.53708 9
1719998451436 0.5502 10
1719998594110 0.55062 11
1719998737487 0.56782 12
1719998884921 0.57719 13
1719999033424 0.57221 14
1719999179314 0.57952 15
1719999326070 0.58505 16
1719999475383 0.59083 17
1719999622025 0.58731 18
1719999767904 0.60463 19
1719999914196 0.60425 20
1720000059904 0.60711 21
1720000205327 0.60774 22
1720000351792 0.61132 23
1720000498919 0.61657 24
1720000644638 0.61754 25
1720000787970 0.62686 26
1720001001157 0.62754 27
1720001145022 0.62824 28
1720001287914 0.63063 29
1720001430132 0.62972 30
1720001572379 0.63682 31
1720001724191 0.63393 32
1720001868695 0.63845 33
1720002010908 0.63844 34
1720002152385 0.63889 35
1720002293914 0.63726 36
1720002435821 0.63525 37
1720002577996 0.63993 38
1720002719493 0.64299 39
1720002899252 0.64008 40
1720003040583 0.64398 41
1720003181410 0.64557 42
1720003322159 0.64215 43
1720003462367 0.64551 44
1720003602806 0.64457 45
1720003743456 0.64318 46
1720003884071 0.64353 47
1720004024763 0.64268 48
1720004166044 0.6441 49
1720004178746 0.6446728959910638 49
