1719997015841 0.54261 0
1719997164754 0.51795 1
1719997308793 0.55206 2
1719997452304 0.59478 3
1719997595896 0.59975 4
1719997738517 0.66331 5
1719997881114 0.65306 6
1719998023776 0.65547 7
1719998166073 0.68435 8
1719998308623 0.69155 9
1719998451436 0.69778 10
1719998594110 0.71451 11
1719998737487 0.70752 12
1719998884921 0.7019 13
1719999033424 0.7233 14
1719999179314 0.71472 15
1719999326070 0.72286 16
1719999475383 0.70819 17
1719999622025 0.72349 18
1719999767904 0.73661 19
1719999914196 0.72339 20
1720000059904 0.74467 21
1720000205327 0.73765 22
1720000351792 0.7621 23
1720000498919 0.752 24
1720000644638 0.75069 25
1720000787970 0.776 26
1720001001157 0.75711 27
1720001145022 0.76888 28
1720001287914 0.76898 29
1720001430132 0.77203 30
1720001572379 0.75698 31
1720001724191 0.75566 32
1720001868695 0.76846 33
1720002010908 0.76597 34
1720002152385 0.79431 35
1720002293914 0.78955 36
1720002435821 0.79221 37
1720002577996 0.78271 38
1720002719493 0.7878 39
1720002899252 0.75564 40
1720003040583 0.7834 41
1720003181410 0.79327 42
1720003322159 0.79751 43
1720003462367 0.8049 44
1720003602806 0.76805 45
1720003743456 0.76949 46
1720003884071 0.81089 47
1720004024763 0.79494 48
1720004166044 0.80021 49
1720004178746 0.7693274129151545 49
