1719997015841 0.35122 0
1719997164754 0.33786 1
1719997308793 0.36624 2
1719997452304 0.39843 3
1719997595896 0.40057 4
1719997738517 0.4454 5
1719997881114 0.46853 6
1719998023776 0.47759 7
1719998166073 0.46638 8
1719998308623 0.4752 9
1719998451436 0.48641 10
1719998594110 0.48402 11
1719998737487 0.4897 12
1719998884921 0.51483 13
1719999033424 0.50334 14
1719999179314 0.51502 15
1719999326070 0.52551 16
1719999475383 0.53672 17
1719999622025 0.51656 18
1719999767904 0.53412 19
1719999914196 0.54268 20
1720000059904 0.536 21
1720000205327 0.54459 22
1720000351792 0.5372 23
1720000498919 0.55055 24
1720000644638 0.55281 25
1720000787970 0.55011 26
1720001001157 0.5577 27
1720001145022 0.55651 28
1720001287914 0.55055 29
1720001430132 0.55889 30
1720001572379 0.57263 31
1720001724191 0.56342 32
1720001868695 0.56501 33
1720002010908 0.56772 34
1720002152385 0.55412 35
1720002293914 0.55889 36
1720002435821 0.55627 37
1720002577996 0.56199 38
1720002719493 0.57392 39
1720002899252 0.57805 40
1720003040583 0.57088 41
1720003181410 0.56909 42
1720003322159 0.56159 43
1720003462367 0.56266 44
1720003602806 0.57415 45
1720003743456 0.57627 46
1720003884071 0.55794 47
1720004024763 0.567 48
1720004166044 0.56199 49
1720004178746 0.573352978634333 49
