1719997005013 0.0006656550328780982 0
1719997155374 0.0013059417298937786 1
1719997299323 0.0019198284269094585 2
1719997442680 0.0018812 3
1719997586585 0.0018416 4
1719997729364 0.001802 5
1719997871905 0.0017624 6
1719998014544 0.0017228 7
1719998156916 0.0016832000000000001 8
1719998299434 0.0016436000000000003 9
1719998442118 0.0016040000000000002 10
1719998584921 0.0015644 11
1719998728402 0.0015248 12
1719998875174 0.0014852 13
1719999022411 0.0014456 14
1719999169932 0.001406 15
1719999316299 0.0013663999999999998 16
1719999466097 0.0013267999999999997 17
1719999612817 0.0012872 18
1719999758452 0.0012476 19
1719999904979 0.001208 20
1720000050059 0.0011684000000000002 21
1720000196134 0.0011288000000000001 22
1720000342525 0.0010892000000000002 23
1720000489431 0.0010496000000000001 24
1720000635549 0.00101 25
1720000778727 0.0009704 26
1720000991899 0.0009308 27
1720001135942 0.0008911999999999999 28
1720001278906 0.0008516000000000001 29
1720001421025 0.0008120000000000001 30
1720001563310 0.0007724 31
1720001714798 0.0007328 32
1720001859666 0.0006931999999999999 33
1720002001925 0.0006536 34
1720002143439 0.0006140000000000001 35
1720002284694 0.0005744000000000001 36
1720002426722 0.0005348000000000001 37
1720002568942 0.0004952 38
1720002710414 0.00045559999999999996 39
1720002889551 0.0004159999999999999 40
1720003031469 0.00037640000000000015 41
1720003172390 0.0003368000000000001 42
1720003313056 0.0002972 43
1720003453426 0.00025760000000000003 44
1720003593767 0.00021799999999999996 45
1720003734418 0.00017839999999999992 46
1720003875002 0.0001388000000000001 47
1720004015697 9.920000000000008e-05 48
1720004156834 5.9600000000000046e-05 49
