0 0.71953125 0.74375 0.1265625 0.121875
0 0.73984375 0.596875 0.084375 0.134375
0 0.684375 0.73671875 0.06875 0.0875
0 0.7796875 0.2203125 0.0390625 0.0421875
0 0.69453125 0.378125 0.0484375 0.0625
0 0.68515625 0.39140625 0.0421875 0.078125
0 0.475 0.47890625 0.0390625 0.03125
0 0.484375 0.2546875 0.01875 0.0296875
0 0.3890625 0.5421875 0.059375 0.040625
0 0.41640625 0.209375 0.028125 0.034375
0 0.28125 0.578125 0.059375 0.028125
0 0.3734375 0.196875 0.0203125 0.03125
0 0.190625 0.6765625 0.09375 0.071875
0 0.31171875 0.184375 0.0234375 0.034375