0 0.23125 0.68828125 0.10703125 0.10078125
0 0.24453125 0.540625 0.0578125 0.12421875
0 0.2671875 0.6890625 0.05234375 0.07734375
0 0.290625 0.16484375 0.03203125 0.0359375
0 0.3375 0.3375 0.0359375 0.05625
0 0.34375 0.35234375 0.0265625 0.0734375
0 0.52890625 0.48515625 0.034375 0.0234375
0 0.5703125 0.26484375 0.0125 0.02734375
0 0.5984375 0.56640625 0.05390625 0.02890625
0 0.646875 0.2359375 0.021875 0.03046875
0 0.6953125 0.625 0.0578125 0.015625
0 0.69140625 0.2328125 0.01484375 0.02890625
0 0.76171875 0.74140625 0.084375 0.05390625
0 0.7546875 0.23515625 0.0171875 0.03203125