0 0.1359375 0.62734375 0.05546875 0.04140625
0 0.1765625 0.4390625 0.03515625 0.0421875
0 0.203125 0.43046875 0.0296875 0.0515625
0 0.3296875 0.28046875 0.03125 0.0421875
0 0.334375 0.27734375 0.03203125 0.0484375
0 0.3953125 0.5890625 0.03671875 0.096875
0 0.45 0.259375 0.01796875 0.02890625
0 0.4546875 0.24921875 0.01953125 0.04296875
0 0.49296875 0.159375 0.028125 0.0484375
0 0.5515625 0.0765625 0.0140625 0.059375
0 0.5625 0.28359375 0.01796875 0.0421875
0 0.57421875 0.29296875 0.0234375 0.04140625
0 0.63828125 0.78515625 0.0375 0.06640625
0 0.8265625 0.5859375 0.0328125 0.034375