0 0.11640625 0.5421875 0.0640625 0.053125
0 0.1984375 0.36796875 0.04375 0.0484375
0 0.2265625 0.365625 0.040625 0.05625
0 0.38359375 0.24765625 0.040625 0.0484375
0 0.3890625 0.24609375 0.0421875 0.0546875
0 0.378125 0.56328125 0.0578125 0.103125
0 0.50546875 0.25390625 0.0234375 0.0328125
0 0.5125 0.2453125 0.028125 0.046875
0 0.56953125 0.16640625 0.0390625 0.053125
0 0.6453125 0.09921875 0.0265625 0.0609375
0 0.609375 0.303125 0.0265625 0.0453125
0 0.61875 0.31484375 0.0328125 0.0453125
0 0.5703125 0.80859375 0.0515625 0.0734375
0 0.79921875 0.65703125 0.0390625 0.040625