0 0.01796875 0.7078125 0.0359375 0.14609375
0 0.121875 0.44296875 0.015625 0.05546875
0 0.2 0.534375 0.0171875 0.046875
0 0.2125 0.53125 0.021875 0.0296875
0 0.26171875 0.83359375 0.0203125 0.07890625
0 0.26953125 0.4828125 0.02578125 0.05546875
0 0.2703125 0.4140625 0.015625 0.04453125
0 0.3296875 0.70078125 0.0234375 0.06875
0 0.35390625 0.37890625 0.00703125 0.03125
0 0.3671875 0.42109375 0.009375 0.015625
0 0.38046875 0.4125 0.0109375 0.01875
0 0.571875 0.84765625 0.01328125 0.04453125
0 0.73125 0.3015625 0.015625 0.034375
0 0.73671875 0.14609375 0.0109375 0.0171875
0 0.7625 0.15859375 0.00546875 0.0203125
0 0.8609375 0.7671875 0.04609375 0.06171875
0 0.85703125 0.41953125 0.0078125 0.02421875
0 0.87265625 0.7625 0.03046875 0.08046875
0 0.875 0.36875 0.01015625 0.0171875