0 0.953125 0.76484375 0.053125 0.15
0 0.88203125 0.48984375 0.021875 0.05625
0 0.79375 0.5703125 0.0234375 0.0484375
0 0.78125 0.56640625 0.025 0.0328125
0 0.69609375 0.86015625 0.0296875 0.08125
0 0.73046875 0.5109375 0.0328125 0.0578125
0 0.73828125 0.44296875 0.0203125 0.046875
0 0.64453125 0.7203125 0.03125 0.071875
0 0.659375 0.39765625 0.0109375 0.03125
0 0.64140625 0.4375 0.0109375 0.0171875
0 0.6296875 0.42734375 0.0125 0.0203125
0 0.3859375 0.8359375 0.01875 0.0453125
0 0.29453125 0.275 0.0203125 0.0359375
0 0.3078125 0.11953125 0.0125 0.01875
0 0.28125 0.12890625 0.0078125 0.0203125
0 0.109375 0.72109375 0.053125 0.0671875
0 0.15546875 0.3765625 0.0109375 0.025
0 0.0984375 0.71484375 0.040625 0.0828125
0 0.14375 0.32421875 0.0125 0.01875