0 0.06640625 0.5765625 0.08203125 0.1390625
0 0.0984375 0.5953125 0.0859375 0.1046875
0 0.06953125 0.24765625 0.015625 0.02578125
0 0.31875 0.5796875 0.11328125 0.1734375
0 0.27734375 0.23515625 0.0203125 0.0296875
0 0.3453125 0.65625 0.09375 0.1328125
0 0.3453125 0.0921875 0.01171875 0.02890625
0 0.45 0.20390625 0.0265625 0.02734375
0 0.5296875 0.19296875 0.0265625 0.03515625
0 0.5390625 0.26953125 0.0171875 0.03203125
0 0.59921875 0.52421875 0.075 0.2171875
0 0.5875 0.05546875 0.02109375 0.03125
0 0.609375 0.1796875 0.021875 0.0375
0 0.6171875 0.06875 0.0203125 0.0359375
0 0.63359375 0.07578125 0.02734375 0.03671875
0 0.66171875 0.1765625 0.01796875 0.034375
0 0.67734375 0.1140625 0.0234375 0.02734375
0 0.68671875 0.24765625 0.0140625 0.02890625
0 0.75 0.1015625 0.0203125 0.02578125
0 0.771875 0.096875 0.01875 0.03828125
0 0.89921875 0.4 0.2 0.24453125
0 0.8875 0.3078125 0.13984375 0.14296875
0 0.88359375 0.88671875 0.03671875 0.10078125
0 0.89296875 0.13984375 0.0296875 0.03828125
0 0.9765625 0.859375 0.0453125 0.14609375