0 0.0625 0.54609375 0.0921875 0.14375
0 0.09296875 0.5671875 0.09375 0.1109375
0 0.08828125 0.21796875 0.0171875 0.0265625
0 0.31328125 0.5671875 0.125 0.18125
0 0.29609375 0.2203125 0.021875 0.03125
0 0.33515625 0.6453125 0.103125 0.1390625
0 0.37421875 0.08203125 0.0140625 0.0296875
0 0.47109375 0.20078125 0.028125 0.0296875
0 0.55078125 0.19609375 0.0296875 0.0375
0 0.5546875 0.27265625 0.01875 0.0328125
0 0.59765625 0.53125 0.090625 0.221875
0 0.61796875 0.0625 0.0234375 0.0328125
0 0.63125 0.18828125 0.025 0.0390625
0 0.646875 0.078125 0.0234375 0.0375
0 0.6625 0.0859375 0.0296875 0.0390625
0 0.68359375 0.18828125 0.0203125 0.0359375
0 0.70390625 0.12734375 0.025 0.0296875
0 0.70390625 0.2609375 0.015625 0.0296875
0 0.77734375 0.1203125 0.021875 0.0265625
0 0.79921875 0.1171875 0.021875 0.0390625
0 0.8984375 0.42734375 0.203125 0.2578125
0 0.9 0.33515625 0.15 0.153125
0 0.85546875 0.9125 0.04375 0.103125
0 0.9171875 0.16796875 0.0328125 0.040625
0 0.95 0.89140625 0.0546875 0.1484375