0 0.396875 0.68203125 0.0171875 0.02265625
0 0.46640625 0.9671875 0.0171875 0.03046875
0 0.521875 0.46875 0.01953125 0.02890625
0 0.5234375 0.56796875 0.01953125 0.02734375
0 0.603125 0.671875 0.0234375 0.02578125
0 0.6359375 0.35625 0.021875 0.02734375
0 0.696875 0.2390625 0.02890625 0.05
0 0.7265625 0.51953125 0.02421875 0.03046875
0 0.7921875 0.46953125 0.01953125 0.02734375
0 0.79453125 0.61171875 0.01953125 0.02109375
0 0.79765625 0.6546875 0.01953125 0.03203125
0 0.82109375 0.51953125 0.021875 0.034375