0 0.409375 0.9609375 0.0953125 0.07578125
0 0.26796875 0.734375 0.0171875 0.01796875
0 0.371875 0.84453125 0.0125 0.03828125
0 0.384375 0.85390625 0.0140625 0.02734375
0 0.40546875 0.9875 0.0453125 0.0234375
0 0.45 0.8046875 0.0171875 0.0234375
0 0.4515625 0.78359375 0.01484375 0.02265625
0 0.509375 0.62890625 0.03828125 0.0484375
0 0.5328125 0.53984375 0.021875 0.0140625
0 0.61875 0.596875 0.0171875 0.02265625
0 0.696875 0.66953125 0.034375 0.03359375
0 0.7125 0.9078125 0.034375 0.0546875
0 0.725 0.50390625 0.0203125 0.0234375