0 0.66171875 0.94140625 0.10625 0.0890625
0 0.765625 0.6953125 0.0203125 0.0203125
0 0.68046875 0.8203125 0.01875 0.0390625
0 0.66953125 0.83125 0.01875 0.0296875
0 0.66953125 0.96640625 0.0484375 0.0296875
0 0.596875 0.79296875 0.0203125 0.0265625
0 0.5921875 0.77265625 0.01875 0.025
0 0.5109375 0.62890625 0.0453125 0.053125
0 0.4734375 0.54453125 0.0234375 0.0171875
0 0.39765625 0.6140625 0.0203125 0.025
0 0.33203125 0.6984375 0.0390625 0.0390625
0 0.35390625 0.9359375 0.0421875 0.059375
0 0.278125 0.5390625 0.0234375 0.0265625