0 0.09296875 0.75234375 0.02734375 0.01953125
0 0.1921875 0.68671875 0.0140625 0.02265625
0 0.215625 0.640625 0.0171875 0.02265625
0 0.21875 0.71953125 0.015625 0.02265625
0 0.30703125 0.46953125 0.0125 0.015625
0 0.321875 0.69453125 0.01796875 0.02421875
0 0.34375 0.403125 0.0171875 0.01640625
0 0.37265625 0.7375 0.02890625 0.0296875
0 0.384375 0.61875 0.01015625 0.0140625
0 0.4078125 0.58359375 0.015625 0.02265625
0 0.453125 0.64296875 0.0140625 0.02109375
0 0.46171875 0.6421875 0.01015625 0.01953125
0 0.50859375 0.628125 0.01796875 0.01953125
0 0.528125 0.63203125 0.015625 0.01484375
0 0.54609375 0.503125 0.015625 0.0234375
0 0.55078125 0.51953125 0.0203125 0.02890625
0 0.590625 0.4609375 0.01796875 0.01953125
0 0.6 0.4390625 0.01015625 0.015625
0 0.6078125 0.61796875 0.01328125 0.01953125
0 0.625 0.49765625 0.0171875 0.03046875
0 0.62578125 0.61953125 0.01328125 0.02578125
0 0.66640625 0.565625 0.0140625 0.02109375
0 0.70859375 0.73125 0.0234375 0.02578125
0 0.70859375 0.47890625 0.015625 0.0203125
0 0.73515625 0.6796875 0.01953125 0.01171875
0 0.7515625 0.5171875 0.0265625 0.02421875
0 0.825 0.540625 0.0140625 0.015625
0 0.94609375 0.68671875 0.0203125 0.02265625
0 0.95234375 0.67421875 0.01171875 0.0125
0 0.97890625 0.69453125 0.0265625 0.02734375