0 0.828125 0.84921875 0.03125 0.0265625
0 0.74921875 0.76015625 0.01875 0.025
0 0.73828125 0.709375 0.021875 0.0265625
0 0.71484375 0.78515625 0.0203125 0.0265625
0 0.69453125 0.5203125 0.015625 0.01875
0 0.621875 0.734375 0.0234375 0.028125
0 0.67578125 0.446875 0.0203125 0.0203125
0 0.56171875 0.7625 0.0359375 0.0359375
0 0.58125 0.64453125 0.0140625 0.015625
0 0.5671875 0.6046875 0.0203125 0.0265625
0 0.50859375 0.65 0.01875 0.0234375
0 0.5 0.646875 0.015625 0.021875
0 0.45859375 0.621875 0.021875 0.0234375
0 0.43828125 0.6203125 0.01875 0.01875
0 0.4546875 0.49140625 0.021875 0.0265625
0 0.44609375 0.50546875 0.0265625 0.0328125
0 0.42265625 0.4390625 0.021875 0.0234375
0 0.41953125 0.415625 0.0140625 0.0171875
0 0.365625 0.5859375 0.0171875 0.021875
0 0.3796875 0.465625 0.025 0.034375
0 0.34765625 0.5828125 0.01875 0.028125
0 0.32265625 0.5203125 0.01875 0.0234375
0 0.23828125 0.66953125 0.0296875 0.03125
0 0.30390625 0.42578125 0.0203125 0.0234375
0 0.2265625 0.6125 0.021875 0.015625
0 0.25234375 0.4515625 0.03125 0.0296875
0 0.17578125 0.45546875 0.0171875 0.01875
0 0.02109375 0.56484375 0.025 0.0265625
0 0.01796875 0.5515625 0.0140625 0.015625
0 0.0078125 0.56328125 0.015625 0.0328125