0 0.0125 0.28984375 0.02421875 0.0609375
0 0.02109375 0.321875 0.03828125 0.0515625
0 0.109375 0.2875 0.0484375 0.1140625
0 0.14140625 0.315625 0.05625 0.05390625
0 0.1984375 0.33671875 0.0515625 0.10625
0 0.228125 0.36875 0.06328125 0.0828125
0 0.325 0.39296875 0.05234375 0.10625
0 0.35625 0.4109375 0.04453125 0.075
0 0.4625 0.35703125 0.0609375 0.11015625
0 0.49765625 0.390625 0.07578125 0.08984375
0 0.628125 0.38984375 0.0953125 0.15390625
0 0.7609375 0.803125 0.06015625 0.1140625
0 0.9828125 0.37421875 0.0328125 0.1078125