0 0.00859375 0.39609375 0.0171875 0.0640625
0 0.01171875 0.42421875 0.0234375 0.0578125
0 0.0734375 0.3734375 0.071875 0.121875
0 0.1109375 0.39453125 0.065625 0.0640625
0 0.17109375 0.403125 0.071875 0.1140625
0 0.20703125 0.428125 0.0796875 0.09375
0 0.30625 0.43203125 0.0734375 0.1140625
0 0.340625 0.44296875 0.059375 0.0828125
0 0.43359375 0.36796875 0.0828125 0.1203125
0 0.475 0.39375 0.0921875 0.103125
0 0.60234375 0.365625 0.125 0.1703125
0 0.81796875 0.7421875 0.0828125 0.1234375
0 0.94609375 0.2765625 0.0546875 0.1125