0 0.79140625 0.7 0.14375 0.23125
0 0.0078125 0.3421875 0.015625 0.0625
0 0.0953125 0.47890625 0.04375 0.075
0 0.1546875 0.7328125 0.0921875 0.1375
0 0.1703125 0.55859375 0.0734375 0.1125
0 0.234375 0.5078125 0.0578125 0.075
0 0.2765625 0.55390625 0.05 0.0890625
0 0.32421875 0.7703125 0.0953125 0.1859375
0 0.3828125 0.765625 0.0609375 0.103125
0 0.4125 0.6578125 0.059375 0.1234375
0 0.42578125 0.66328125 0.0609375 0.0765625
0 0.50859375 0.6296875 0.0640625 0.1078125
0 0.5421875 0.61796875 0.08125 0.1015625
0 0.57265625 0.825 0.053125 0.0984375
0 0.52734375 0.50546875 0.0359375 0.078125
0 0.6109375 0.51875 0.03125 0.059375
0 0.71953125 0.9546875 0.0921875 0.0515625
0 0.6859375 0.490625 0.0234375 0.0625
0 0.7703125 0.4734375 0.0265625 0.046875
0 0.8453125 0.31015625 0.0296875 0.0328125
0 0.871875 0.3640625 0.0203125 0.034375