0 0.76484375 0.734375 0.11875 0.21875
0 0.01171875 0.28125 0.0234375 0.06015625
0 0.10078125 0.4296875 0.0359375 0.07109375
0 0.12890625 0.6890625 0.0765625 0.12890625
0 0.165625 0.51796875 0.06015625 0.10625
0 0.23515625 0.475 0.05 0.06953125
0 0.271875 0.5265625 0.03984375 0.08515625
0 0.29296875 0.746875 0.07421875 0.17890625
0 0.3515625 0.74921875 0.05 0.0984375
0 0.39375 0.64609375 0.0453125 0.11875
0 0.40625 0.653125 0.05234375 0.07109375
0 0.49296875 0.6296875 0.0515625 0.10234375
0 0.52734375 0.621875 0.07109375 0.09375
0 0.5328125 0.83125 0.0421875 0.09453125
0 0.5265625 0.50859375 0.0265625 0.075
0 0.6078125 0.53203125 0.02421875 0.05703125
0 0.6625 0.978125 0.08828125 0.04140625
0 0.6859375 0.51328125 0.01640625 0.06171875
0 0.771875 0.50625 0.021875 0.0453125
0 0.865625 0.35390625 0.0265625 0.0296875
0 0.8859375 0.41015625 0.01640625 0.0328125