0 0.0203125 0.5625 0.034375 0.046875
0 0.03515625 0.57109375 0.01484375 0.02734375
0 0.19375 0.36640625 0.0234375 0.02265625
0 0.253125 0.9828125 0.034375 0.0328125
0 0.25625 0.3515625 0.0140625 0.034375
0 0.27734375 0.58125 0.015625 0.034375
0 0.2875 0.99375 0.0296875 0.01015625
0 0.3875 0.53984375 0.0265625 0.03125
0 0.40859375 0.53359375 0.0171875 0.0328125
0 0.49375 0.56015625 0.0171875 0.034375
0 0.4984375 0.55234375 0.0125 0.025
0 0.56015625 0.6953125 0.03046875 0.021875
0 0.58046875 0.5546875 0.01015625 0.0296875
0 0.63125 0.49765625 0.02578125 0.04375
0 0.67265625 0.55390625 0.03359375 0.021875
0 0.7375 0.596875 0.0296875 0.046875
0 0.95546875 0.42421875 0.01953125 0.040625