0 0.978125 0.43515625 0.04375 0.0546875
0 0.9671875 0.4484375 0.021875 0.0296875
0 0.7609375 0.29140625 0.028125 0.028125
0 0.86328125 0.90234375 0.0421875 0.040625
0 0.696875 0.29375 0.021875 0.0375
0 0.7359375 0.52109375 0.0234375 0.0375
0 0.8328125 0.921875 0.03125 0.0171875
0 0.61875 0.509375 0.034375 0.0375
0 0.596875 0.50859375 0.025 0.0359375
0 0.521875 0.55625 0.025 0.0375
0 0.51484375 0.55 0.01875 0.028125
0 0.4921875 0.70390625 0.034375 0.0296875
0 0.43671875 0.5734375 0.0171875 0.03125
0 0.37265625 0.53203125 0.0359375 0.0484375
0 0.346875 0.596875 0.0375 0.0296875
0 0.2953125 0.6546875 0.040625 0.053125
0 0.040625 0.54453125 0.0296875 0.04375