0 0.746875 0.8859375 0.1125 0.09375
0 0.94375 0.9671875 0.0875 0.0625
0 0.6984375 0.871875 0.034375 0.06875
0 0.6703125 0.67734375 0.0453125 0.0453125
0 0.59609375 0.7015625 0.053125 0.0546875
0 0.5984375 0.6296875 0.0375 0.034375
0 0.59453125 0.61171875 0.0375 0.03125
0 0.459375 0.61953125 0.03125 0.028125
0 0.46171875 0.61484375 0.01875 0.0453125
0 0.21015625 0.5109375 0.03125 0.028125
0 0.1953125 0.48671875 0.040625 0.0359375
0 0.09296875 0.50703125 0.028125 0.0375
0 0.078125 0.2796875 0.0203125 0.028125
0 0.071875 0.5046875 0.015625 0.034375
0 0.04921875 0.35 0.0109375 0.0125