0 0.253125 0.8859375 0.11171875 0.09453125
0 0.05625 0.9671875 0.0875 0.06328125
0 0.3015625 0.871875 0.03515625 0.06953125
0 0.3296875 0.67734375 0.0453125 0.0453125
0 0.40390625 0.7015625 0.05390625 0.0546875
0 0.4015625 0.6296875 0.0375 0.03359375
0 0.40546875 0.61171875 0.0375 0.03046875
0 0.540625 0.61953125 0.03125 0.02890625
0 0.53828125 0.61484375 0.01953125 0.0453125
0 0.78984375 0.5109375 0.03125 0.02890625
0 0.8046875 0.48671875 0.03984375 0.0359375
0 0.90703125 0.50703125 0.02734375 0.03828125
0 0.921875 0.2796875 0.0203125 0.02734375
0 0.928125 0.5046875 0.01484375 0.03515625
0 0.95078125 0.35 0.0109375 0.01328125