0 0.51015625 0.67890625 0.1265625 0.17578125
0 0.1078125 0.39609375 0.0921875 0.2140625
0 0.2890625 0.8453125 0.06875 0.0875
0 0.471875 0.2046875 0.01796875 0.02421875
0 0.515625 0.22578125 0.01171875 0.021875
0 0.51953125 0.278125 0.01171875 0.03203125
0 0.5375 0.28125 0.0109375 0.02578125
0 0.55546875 0.246875 0.0109375 0.02421875
0 0.59140625 0.7890625 0.06171875 0.12890625
0 0.6046875 0.7640625 0.075 0.16328125
0 0.57578125 0.23828125 0.0109375 0.01953125
0 0.6640625 0.78671875 0.10546875 0.16640625