0 0.15234375 0.80234375 0.04140625 0.0390625
0 0.15 0.8078125 0.02890625 0.03984375
0 0.24375 0.81484375 0.0390625 0.03671875
0 0.2578125 0.94140625 0.034375 0.06328125
0 0.3390625 0.7953125 0.0390625 0.0328125
0 0.3703125 0.92421875 0.021875 0.04609375
0 0.384375 0.496875 0.025 0.0453125
0 0.3875 0.48515625 0.03125 0.053125
0 0.4109375 0.80078125 0.04140625 0.0328125
0 0.459375 0.81875 0.01796875 0.02734375
0 0.471875 0.82734375 0.03203125 0.0453125
0 0.49609375 0.975 0.015625 0.0484375
0 0.59140625 0.7796875 0.0328125 0.03671875
0 0.62265625 0.7765625 0.03046875 0.0328125
0 0.6953125 0.83515625 0.0296875 0.04296875
0 0.7140625 0.84921875 0.0265625 0.04453125
0 0.88671875 0.76328125 0.01953125 0.0328125