0 0.08984375 0.709375 0.05 0.0484375
0 0.0859375 0.7140625 0.0375 0.0453125
0 0.175 0.74375 0.046875 0.0453125
0 0.15859375 0.86953125 0.0484375 0.0703125
0 0.27265625 0.74765625 0.0453125 0.040625
0 0.271875 0.88046875 0.0328125 0.05
0 0.38828125 0.46875 0.0359375 0.05
0 0.39453125 0.45859375 0.04375 0.059375
0 0.340625 0.7703125 0.0484375 0.0421875
0 0.38359375 0.79921875 0.0234375 0.03125
0 0.39375 0.8109375 0.0421875 0.0515625
0 0.38125 0.96015625 0.0265625 0.05
0 0.52109375 0.79375 0.040625 0.04375
0 0.55234375 0.79765625 0.0375 0.0390625
0 0.60859375 0.87265625 0.0390625 0.0484375
0 0.6234375 0.890625 0.0359375 0.05
0 0.81171875 0.84921875 0.0265625 0.0359375