0 0.56015625 0.50625 0.0765625 0.13515625
0 0.025 0.66484375 0.05 0.0921875
0 0.05 0.134375 0.021875 0.034375
0 0.071875 0.0296875 0.0453125 0.059375
0 0.0921875 0.340625 0.0203125 0.0328125
0 0.20625 0.73515625 0.040625 0.121875
0 0.278125 0.2796875 0.034375 0.075
0 0.30703125 0.6484375 0.07421875 0.0984375
0 0.35078125 0.29375 0.05625 0.05703125
0 0.49296875 0.53203125 0.02578125 0.0421875
0 0.53046875 0.1859375 0.05234375 0.05703125
0 0.53125 0.171875 0.0515625 0.03671875
0 0.54140625 0.63359375 0.05703125 0.0671875
0 0.659375 0.396875 0.0359375 0.0671875
0 0.696875 0.44296875 0.0171875 0.04375
0 0.8703125 0.5953125 0.06796875 0.084375
0 0.8875 0.37890625 0.02890625 0.034375