0 0.56015625 0.50703125 0.0796875 0.1359375
0 0.0234375 0.65625 0.046875 0.09375
0 0.05625 0.1265625 0.021875 0.034375
0 0.0796875 0.0265625 0.046875 0.053125
0 0.0953125 0.33359375 0.0203125 0.0328125
0 0.20234375 0.7296875 0.0421875 0.121875
0 0.28203125 0.27578125 0.0359375 0.075
0 0.3046875 0.6453125 0.0765625 0.1
0 0.3546875 0.29140625 0.0578125 0.0578125
0 0.4921875 0.53203125 0.0265625 0.0421875
0 0.5359375 0.18671875 0.053125 0.0578125
0 0.53671875 0.17265625 0.0515625 0.0375
0 0.5390625 0.634375 0.0578125 0.06875
0 0.6609375 0.4 0.0375 0.0671875
0 0.69765625 0.44609375 0.0171875 0.04375
0 0.86875 0.6015625 0.06875 0.0859375
0 0.88984375 0.3859375 0.0296875 0.034375