0 0.553125 0.9109375 0.1140625 0.0875
0 0.659375 0.5671875 0.009375 0.0203125
0 0.59921875 0.8828125 0.0640625 0.021875
0 0.5890625 0.49140625 0.009375 0.015625
0 0.5296875 0.46953125 0.0078125 0.015625
0 0.50625 0.48671875 0.0125 0.0140625
0 0.48828125 0.48515625 0.0109375 0.0140625
0 0.47734375 0.584375 0.0140625 0.009375
0 0.3953125 0.578125 0.0140625 0.021875
0 0.37421875 0.45546875 0.0109375 0.015625
0 0.32109375 0.5109375 0.0125 0.01875
0 0.31953125 0.45390625 0.0109375 0.0140625
0 0.20078125 0.55 0.0109375 0.0140625
0 0.12734375 0.4390625 0.00625 0.0109375