0 0.4609375 0.9125 0.1109375 0.084375
0 0.34296875 0.57265625 0.009375 0.0203125
0 0.4140625 0.8859375 0.0640625 0.0203125
0 0.4109375 0.49453125 0.00859375 0.01484375
0 0.46953125 0.4703125 0.00703125 0.015625
0 0.49296875 0.48671875 0.01171875 0.01328125
0 0.5109375 0.484375 0.0109375 0.01328125
0 0.52578125 0.58359375 0.0140625 0.009375
0 0.60703125 0.57421875 0.01328125 0.021875
0 0.62421875 0.45078125 0.0109375 0.01484375
0 0.67890625 0.5046875 0.0125 0.01796875
0 0.67890625 0.44765625 0.0109375 0.01328125
0 0.80078125 0.53984375 0.0109375 0.01328125
0 0.8703125 0.42578125 0.00625 0.0109375