0 0.17265625 0.51953125 0.1015625 0.05
0 0.3796875 0.4828125 0.00859375 0.015625
0 0.39375 0.4734375 0.01171875 0.015625
0 0.4515625 0.5 0.00625 0.01484375
0 0.47109375 0.4546875 0.01171875 0.02421875
0 0.48828125 0.4578125 0.0078125 0.01484375
0 0.528125 0.46875 0.0125 0.01875
0 0.571875 0.503125 0.01328125 0.0171875
0 0.603125 0.46796875 0.01171875 0.02734375
0 0.634375 0.46875 0.0046875 0.0109375
0 0.64140625 0.4890625 0.0109375 0.01484375
0 0.6578125 0.4625 0.0125 0.01328125
0 0.6953125 0.4296875 0.0078125 0.01328125
0 0.72265625 0.84921875 0.0515625 0.046875
0 0.71328125 0.4609375 0.00625 0.01328125
0 0.74375 0.82109375 0.0421875 0.059375
0 0.72890625 0.446875 0.0109375 0.0140625
0 0.76875 0.9453125 0.07109375 0.06484375
0 0.7453125 0.484375 0.0109375 0.01953125
0 0.7796875 0.49609375 0.01171875 0.01484375
0 0.7796875 0.46875 0.00703125 0.01484375
0 0.7875 0.4375 0.00859375 0.0140625
0 0.94375 0.54453125 0.02109375 0.04609375
0 0.9875 0.53359375 0.01171875 0.009375