0 0.81796875 0.58125 0.109375 0.06875
0 0.62109375 0.50625 0.0109375 0.0171875
0 0.609375 0.49453125 0.0140625 0.0171875
0 0.54765625 0.509375 0.009375 0.015625
0 0.53671875 0.4609375 0.015625 0.0265625
0 0.51953125 0.4609375 0.0109375 0.015625
0 0.478125 0.4640625 0.015625 0.0203125
0 0.42890625 0.4890625 0.015625 0.01875
0 0.4046875 0.44921875 0.0171875 0.0296875
0 0.37421875 0.44375 0.00625 0.0109375
0 0.36328125 0.4625 0.0140625 0.0171875
0 0.35234375 0.4328125 0.0140625 0.015625
0 0.321875 0.39375 0.0109375 0.0140625
0 0.21484375 0.8 0.059375 0.05625
0 0.2984375 0.42109375 0.009375 0.0140625
0 0.19921875 0.76875 0.053125 0.065625
0 0.28515625 0.40390625 0.0140625 0.015625
0 0.1515625 0.8859375 0.0828125 0.0765625
0 0.2625 0.4375 0.0140625 0.021875
0 0.2265625 0.44296875 0.0140625 0.0171875
0 0.23125 0.415625 0.009375 0.015625
0 0.2296875 0.38359375 0.0109375 0.015625
0 0.05625 0.459375 0.0296875 0.05
0 0.01484375 0.43984375 0.0140625 0.0109375