0 0.11328125 0.72109375 0.084375 0.1296875
0 0.21015625 0.95625 0.0609375 0.0875
0 0.20859375 0.30078125 0.0359375 0.0484375
0 0.303125 0.40234375 0.0515625 0.0921875
0 0.3765625 0.3609375 0.04375 0.0734375
0 0.4296875 0.6046875 0.0484375 0.0625
0 0.41171875 0.28203125 0.01875 0.015625
0 0.515625 0.83515625 0.071875 0.0890625
0 0.48828125 0.27265625 0.0515625 0.096875
0 0.55390625 0.44296875 0.0453125 0.090625
0 0.56875 0.57109375 0.0453125 0.1015625
0 0.6234375 0.76484375 0.0515625 0.0828125
0 0.61484375 0.65703125 0.046875 0.1015625
0 0.59375 0.33828125 0.05 0.0984375
0 0.7140625 0.459375 0.05 0.0578125
0 0.7546875 0.5390625 0.046875 0.1078125
0 0.75390625 0.23046875 0.0453125 0.1078125
0 0.7671875 0.39921875 0.0328125 0.0828125
0 0.7703125 0.2859375 0.0203125 0.0375
0 0.915625 0.58984375 0.0296875 0.0796875