0 0.0953125 0.68671875 0.0734375 0.12421875
0 0.1703125 0.94296875 0.0515625 0.11171875
0 0.22734375 0.27578125 0.03203125 0.04609375
0 0.3125 0.3859375 0.04453125 0.0890625
0 0.3890625 0.35078125 0.03828125 0.0703125
0 0.42109375 0.5984375 0.04375 0.05859375
0 0.43125 0.275 0.01796875 0.0140625
0 0.48671875 0.83515625 0.0640625 0.084375
0 0.5078125 0.27265625 0.04375 0.09296875
0 0.55859375 0.44765625 0.0375 0.08828125
0 0.5625 0.5765625 0.03671875 0.0984375
0 0.6 0.77421875 0.0453125 0.07890625
0 0.60078125 0.66640625 0.0390625 0.0984375
0 0.6078125 0.346875 0.04140625 0.0953125
0 0.71640625 0.478125 0.0453125 0.05390625
0 0.75 0.5609375 0.03828125 0.10546875
0 0.7765625 0.25390625 0.03671875 0.10546875
0 0.775 0.42265625 0.0265625 0.08125
0 0.78828125 0.31015625 0.01640625 0.03671875
0 0.90625 0.62578125 0.0234375 0.07734375