0 0.98984375 0.853125 0.0203125 0.1125
0 0.99375 0.8765625 0.0125 0.06875
0 0.8109375 0.80546875 0.046875 0.0609375
0 0.690625 0.74453125 0.021875 0.0359375
0 0.625 0.43828125 0.0203125 0.0328125
0 0.64609375 0.64453125 0.040625 0.08125
0 0.5875 0.60703125 0.025 0.0421875
0 0.57265625 0.6 0.015625 0.028125
0 0.56640625 0.5859375 0.01875 0.0390625
0 0.50859375 0.559375 0.025 0.0546875
0 0.47109375 0.6203125 0.028125 0.05
0 0.43671875 0.528125 0.021875 0.0390625
0 0.415625 0.50859375 0.0234375 0.0515625
0 0.3296875 0.88359375 0.03125 0.0640625
0 0.275 0.62578125 0.021875 0.025
0 0.26328125 0.615625 0.0265625 0.0390625
0 0.0859375 0.53828125 0.03125 0.0578125