0 0.065625 0.9453125 0.0453125 0.10625
0 0.078125 0.965625 0.01796875 0.06640625
0 0.253125 0.859375 0.03671875 0.05546875
0 0.359375 0.7765625 0.015625 0.0328125
0 0.365625 0.46328125 0.0140625 0.03125
0 0.384375 0.66953125 0.0265625 0.078125
0 0.434375 0.621875 0.01796875 0.03984375
0 0.44765625 0.61171875 0.0109375 0.02578125
0 0.4515625 0.596875 0.0109375 0.03828125
0 0.503125 0.56015625 0.01484375 0.05234375
0 0.5515625 0.6125 0.0203125 0.046875
0 0.5671875 0.515625 0.015625 0.03671875
0 0.584375 0.4921875 0.0140625 0.04921875
0 0.740625 0.84375 0.0203125 0.0609375
0 0.74453125 0.58046875 0.0171875 0.02265625
0 0.7546875 0.56796875 0.01953125 0.03671875
0 0.9140625 0.45859375 0.02109375 0.05546875