0 0.121875 0.9265625 0.18046875 0.1453125
0 0.1140625 0.4 0.0703125 0.115625
0 0.18515625 0.80546875 0.14375 0.14296875
0 0.16328125 0.3078125 0.0296875 0.046875
0 0.1890625 0.35625 0.0390625 0.0671875
0 0.2171875 0.365625 0.02265625 0.0421875
0 0.3328125 0.5484375 0.0546875 0.07421875
0 0.36640625 0.52578125 0.0453125 0.02890625
0 0.51015625 0.92265625 0.05390625 0.153125
0 0.6734375 0.68359375 0.1109375 0.09765625
0 0.8453125 0.55390625 0.1734375 0.134375
0 0.86875 0.4640625 0.05703125 0.0828125
0 0.95 0.46640625 0.0296875 0.05234375