0 0.075 0.84609375 0.15 0.1765625
0 0.13984375 0.328125 0.090625 0.1265625
0 0.1328125 0.73984375 0.16875 0.1671875
0 0.20625 0.246875 0.0375 0.0515625
0 0.221875 0.29921875 0.0515625 0.0734375
0 0.24765625 0.3140625 0.0296875 0.0453125
0 0.3265625 0.515625 0.0671875 0.0828125
0 0.3640625 0.5 0.05 0.0375
0 0.4296875 0.9171875 0.0828125 0.1609375
0 0.63515625 0.71328125 0.128125 0.1171875
0 0.82890625 0.61875 0.1953125 0.165625
0 0.86875 0.53515625 0.071875 0.0921875
0 0.9484375 0.553125 0.0390625 0.0578125