0 0.30703125 0.20546875 0.0859375 0.16328125
0 0.01875 0.78203125 0.02578125 0.04375
0 0.028125 0.49375 0.01796875 0.034375
0 0.04921875 0.73828125 0.03671875 0.046875
0 0.1203125 0.56796875 0.01875 0.0328125
0 0.13984375 0.753125 0.0296875 0.040625
0 0.15078125 0.478125 0.0203125 0.03671875
0 0.1640625 0.5015625 0.0171875 0.03828125
0 0.21171875 0.77265625 0.0265625 0.03828125
0 0.31953125 0.49140625 0.0203125 0.025
0 0.3703125 0.534375 0.01953125 0.02734375
0 0.5515625 0.78359375 0.0328125 0.040625
0 0.5734375 0.1875 0.04375 0.17578125
0 0.59375 0.62890625 0.021875 0.03828125
0 0.6296875 0.5015625 0.0203125 0.03828125
0 0.6546875 0.48828125 0.03125 0.05
0 0.721875 0.7953125 0.0234375 0.02890625
0 0.7328125 0.5046875 0.02109375 0.03203125
0 0.7609375 0.52265625 0.03125 0.03828125
0 0.78046875 0.68515625 0.02421875 0.0515625
0 0.865625 0.5359375 0.028125 0.03828125
0 0.9015625 0.5390625 0.0234375 0.040625
0 0.9609375 0.6578125 0.021875 0.040625
0 0.9859375 0.73671875 0.0265625 0.05078125