0 0.2921875 0.215625 0.09375 0.1671875
0 0.034375 0.80703125 0.028125 0.0453125
0 0.028125 0.51875 0.0203125 0.0359375
0 0.0625 0.76171875 0.0390625 0.0484375
0 0.12421875 0.5875 0.0203125 0.034375
0 0.15390625 0.771875 0.03125 0.0421875
0 0.15 0.49609375 0.021875 0.0375
0 0.16484375 0.51953125 0.01875 0.0390625
0 0.2265625 0.7875 0.028125 0.0390625
0 0.31953125 0.50078125 0.021875 0.0265625
0 0.37265625 0.54140625 0.0203125 0.028125
0 0.56640625 0.78046875 0.034375 0.0421875
0 0.55703125 0.184375 0.053125 0.178125
0 0.6 0.6234375 0.0234375 0.0390625
0 0.6296875 0.49453125 0.021875 0.0390625
0 0.65390625 0.48046875 0.034375 0.0515625
0 0.73671875 0.78359375 0.025 0.0296875
0 0.7328125 0.4921875 0.0234375 0.0328125
0 0.76171875 0.50859375 0.0328125 0.040625
0 0.78984375 0.6703125 0.0265625 0.053125
0 0.8671875 0.51640625 0.0296875 0.0390625
0 0.903125 0.51796875 0.025 0.0421875
0 0.96875 0.63359375 0.0234375 0.0421875
0 0.99140625 0.71015625 0.0171875 0.0515625