0 0.91171875 0.3015625 0.0359375 0.0515625
0 0.76796875 0.35234375 0.05 0.0515625
0 0.77265625 0.7234375 0.059375 0.084375
0 0.7734375 0.81015625 0.05625 0.084375
0 0.70546875 0.203125 0.0265625 0.04375
0 0.58125 0.1828125 0.0265625 0.021875
0 0.5890625 0.71015625 0.0625 0.075
0 0.5984375 0.7171875 0.0359375 0.0609375
0 0.528125 0.41328125 0.0484375 0.0625
0 0.48359375 0.275 0.04375 0.0484375
0 0.42265625 0.215625 0.0296875 0.0375
0 0.35390625 0.2609375 0.0390625 0.065625
0 0.31171875 0.57421875 0.0390625 0.0625
0 0.26015625 0.2625 0.01875 0.0234375
0 0.190625 0.44609375 0.0296875 0.0265625
0 0.1921875 0.534375 0.0296875 0.0625
0 0.0109375 0.540625 0.021875 0.053125