0 0.0671875 0.353125 0.0296875 0.0484375
0 0.215625 0.3859375 0.0453125 0.04609375
0 0.25625 0.7546875 0.05 0.07890625
0 0.26640625 0.84140625 0.04765625 0.07890625
0 0.26015625 0.23046875 0.021875 0.040625
0 0.38046875 0.1953125 0.02421875 0.01953125
0 0.4375 0.71953125 0.05390625 0.06953125
0 0.42890625 0.72734375 0.0296875 0.0578125
0 0.46171875 0.4171875 0.04140625 0.0578125
0 0.4890625 0.275 0.0390625 0.04453125
0 0.5421875 0.20859375 0.025 0.034375
0 0.615625 0.2453125 0.03125 0.06171875
0 0.69609375 0.55078125 0.03203125 0.059375
0 0.709375 0.23515625 0.01640625 0.02109375
0 0.80078125 0.40859375 0.0265625 0.02421875
0 0.809375 0.496875 0.021875 0.06015625
0 0.990625 0.48046875 0.0171875 0.05078125