0 0.05546875 0.0984375 0.0640625 0.196875
0 0.1125 0.5671875 0.0640625 0.05859375
0 0.4109375 0.41875 0.01171875 0.01953125
0 0.425 0.42109375 0.028125 0.0328125
0 0.43515625 0.54765625 0.03359375 0.034375
0 0.4625 0.47265625 0.0265625 0.04375
0 0.60078125 0.5078125 0.015625 0.02421875
0 0.62421875 0.37890625 0.01796875 0.02109375
0 0.640625 0.37890625 0.01953125 0.02109375
0 0.7265625 0.44453125 0.01640625 0.01953125
0 0.76171875 0.44609375 0.0203125 0.015625
0 0.80625 0.51484375 0.02578125 0.03203125
0 0.8265625 0.53125 0.01953125 0.02890625