0 0.0921875 0.08046875 0.08125 0.1609375
0 0.1078125 0.5328125 0.06875 0.0640625
0 0.41796875 0.4109375 0.0140625 0.0203125
0 0.43203125 0.41484375 0.03125 0.034375
0 0.43125 0.5421875 0.0359375 0.0375
0 0.46484375 0.46953125 0.0296875 0.0453125
0 0.6 0.51640625 0.0171875 0.025
0 0.634375 0.38984375 0.0203125 0.021875
0 0.65078125 0.39140625 0.021875 0.0234375
0 0.73046875 0.46484375 0.01875 0.0203125
0 0.765625 0.46875 0.021875 0.0171875
0 0.80390625 0.54140625 0.028125 0.034375
0 0.82265625 0.559375 0.021875 0.03125