0 0.01875 0.09453125 0.0234375 0.02578125
0 0.040625 0.5765625 0.02578125 0.046875
0 0.04921875 0.353125 0.0265625 0.02578125
0 0.096875 0.1484375 0.021875 0.02734375
0 0.10078125 0.12734375 0.0265625 0.01953125
0 0.1109375 0.23125 0.021875 0.04453125
0 0.128125 0.20859375 0.0171875 0.034375
0 0.146875 0.2140625 0.0203125 0.03828125
0 0.21171875 0.30546875 0.02734375 0.02109375
0 0.2296875 0.52578125 0.0265625 0.02421875
0 0.2375 0.2921875 0.0203125 0.02265625
0 0.24921875 0.10546875 0.0328125 0.03046875
0 0.26875 0.17578125 0.02734375 0.02578125
0 0.303125 0.1171875 0.03359375 0.03203125
0 0.32109375 0.03203125 0.0359375 0.02265625
0 0.32109375 0.1859375 0.02578125 0.02734375
0 0.36484375 0.13125 0.0265625 0.02734375
0 0.38359375 0.553125 0.04765625 0.0484375
0 0.396875 0.19609375 0.015625 0.03984375
0 0.4078125 0.02109375 0.0203125 0.02109375
0 0.43828125 0.2515625 0.0203125 0.02265625
0 0.44375 0.48671875 0.02109375 0.0359375
0 0.45546875 0.2078125 0.01796875 0.02890625
0 0.5015625 0.12890625 0.0296875 0.015625
0 0.56875 0.43515625 0.03046875 0.02578125
0 0.578125 0.23984375 0.01953125 0.02109375
0 0.60234375 0.02109375 0.01953125 0.0140625
0 0.61015625 0.44453125 0.028125 0.034375
0 0.65390625 0.53515625 0.0234375 0.0359375