0 0.98828125 0.103125 0.0234375 0.0265625
0 0.9578125 0.584375 0.0265625 0.046875
0 0.953125 0.3609375 0.0265625 0.0265625
0 0.909375 0.15546875 0.021875 0.028125
0 0.90546875 0.134375 0.0265625 0.0203125
0 0.89375 0.23828125 0.021875 0.0453125
0 0.8765625 0.21484375 0.0171875 0.034375
0 0.8578125 0.2203125 0.0203125 0.0390625
0 0.79140625 0.31015625 0.028125 0.021875
0 0.76953125 0.53046875 0.0265625 0.025
0 0.76640625 0.296875 0.0203125 0.0234375
0 0.7578125 0.11015625 0.0328125 0.03125
0 0.73671875 0.1796875 0.028125 0.0265625
0 0.70390625 0.1203125 0.034375 0.0328125
0 0.68671875 0.03515625 0.0359375 0.0234375
0 0.684375 0.1890625 0.0265625 0.028125
0 0.64140625 0.13359375 0.0265625 0.028125
0 0.615625 0.55546875 0.0484375 0.05
0 0.60859375 0.19765625 0.015625 0.040625
0 0.60078125 0.02265625 0.0203125 0.021875
0 0.56640625 0.25234375 0.0203125 0.0234375
0 0.55625 0.4875 0.021875 0.0359375
0 0.55 0.20859375 0.01875 0.0296875
0 0.5046875 0.12890625 0.0296875 0.015625
0 0.43203125 0.43359375 0.03125 0.0265625
0 0.4265625 0.23828125 0.0203125 0.021875
0 0.40625 0.01953125 0.0203125 0.0140625
0 0.390625 0.44296875 0.028125 0.034375
0 0.3453125 0.5328125 0.0234375 0.0359375