0 0.08125 0.6359375 0.1109375 0.22265625
0 0.01875 0.43046875 0.02578125 0.04765625
0 0.021875 0.55625 0.0234375 0.03203125
0 0.05859375 0.475 0.01796875 0.0359375
0 0.1796875 0.48203125 0.0296875 0.06015625
0 0.26171875 0.38984375 0.034375 0.07734375
0 0.32890625 0.38515625 0.03046875 0.07734375
0 0.35234375 0.39140625 0.028125 0.0796875
0 0.3875 0.58203125 0.09453125 0.1828125
0 0.3984375 0.44375 0.01484375 0.03046875
0 0.41171875 0.425 0.0296875 0.0984375
0 0.45 0.42890625 0.03515625 0.09609375
0 0.546875 0.9125 0.03828125 0.1203125
0 0.5484375 0.453125 0.0296875 0.07890625
0 0.59375 0.4078125 0.02421875 0.04140625
0 0.6265625 0.5140625 0.03984375 0.15859375
0 0.675 0.4171875 0.0234375 0.0359375
0 0.71953125 0.46328125 0.0234375 0.03203125
0 0.746875 0.41796875 0.06796875 0.1484375
0 0.76953125 0.446875 0.015625 0.06015625
0 0.8 0.5109375 0.02578125 0.11328125
0 0.8046875 0.42421875 0.021875 0.05546875
0 0.82578125 0.4265625 0.02578125 0.05546875
0 0.83359375 0.63359375 0.03359375 0.09453125
0 0.86328125 0.459375 0.0359375 0.0859375
0 0.88984375 0.3609375 0.0359375 0.09609375
0 0.903125 0.42109375 0.028125 0.04765625