0 0.10078125 0.6859375 0.1375 0.234375
0 0.01484375 0.4890625 0.0296875 0.05
0 0.03203125 0.6140625 0.0265625 0.034375
0 0.05859375 0.52890625 0.021875 0.0375
0 0.1796875 0.52109375 0.0375 0.0640625
0 0.25 0.41953125 0.04375 0.08125
0 0.31640625 0.40703125 0.0390625 0.08125
0 0.33984375 0.41015625 0.0375 0.0828125
0 0.3984375 0.5953125 0.115625 0.19375
0 0.3921875 0.45625 0.01875 0.0328125
0 0.403125 0.4359375 0.0421875 0.1015625
0 0.44140625 0.43515625 0.046875 0.1
0 0.596875 0.90390625 0.053125 0.1234375
0 0.5421875 0.44765625 0.0390625 0.08125
0 0.58203125 0.396875 0.0296875 0.04375
0 0.62734375 0.4984375 0.059375 0.1625
0 0.66328125 0.39609375 0.028125 0.0390625
0 0.71328125 0.43671875 0.0265625 0.034375
0 0.73515625 0.38828125 0.0859375 0.15625
0 0.7609375 0.4140625 0.0234375 0.0609375
0 0.79921875 0.47421875 0.0390625 0.115625
0 0.79296875 0.3875 0.028125 0.0578125
0 0.8140625 0.3875 0.0328125 0.0578125
0 0.84765625 0.5921875 0.0453125 0.0984375
0 0.85546875 0.415625 0.046875 0.0890625
0 0.8703125 0.31484375 0.046875 0.1
0 0.890625 0.37265625 0.034375 0.05