0 0.134375 0.7359375 0.10625 0.234375
0 0.21953125 0.68125 0.0578125 0.096875
0 0.3359375 0.6375 0.021875 0.01875
0 0.38671875 0.60234375 0.0203125 0.015625
0 0.46953125 0.7078125 0.03125 0.05
0 0.53828125 0.5515625 0.0203125 0.01875
0 0.54375 0.54140625 0.015625 0.0109375
0 0.63203125 0.57109375 0.0140625 0.0203125
0 0.71328125 0.69609375 0.1265625 0.2640625
0 0.665625 0.54765625 0.03125 0.053125
0 0.75078125 0.56328125 0.0078125 0.0125
0 0.7765625 0.55703125 0.0125 0.009375
0 0.8578125 0.7 0.071875 0.103125
0 0.878125 0.56875 0.0296875 0.0359375
0 0.90234375 0.68125 0.040625 0.0828125
0 0.96796875 0.590625 0.0453125 0.0375