0 0.11171875 0.69609375 0.0828125 0.22734375
0 0.20234375 0.65078125 0.0484375 0.09296875
0 0.32265625 0.61953125 0.01953125 0.01640625
0 0.3765625 0.58984375 0.01953125 0.01328125
0 0.44765625 0.703125 0.02578125 0.046875
0 0.5328125 0.55546875 0.01796875 0.01640625
0 0.5390625 0.54609375 0.0140625 0.009375
0 0.62421875 0.584375 0.0125 0.01875
0 0.69140625 0.7171875 0.1 0.25546875
0 0.659375 0.56484375 0.02578125 0.05
0 0.74296875 0.5890625 0.00625 0.01171875
0 0.76875 0.5859375 0.01171875 0.00859375
0 0.83515625 0.73671875 0.06171875 0.096875
0 0.86875 0.6078125 0.0265625 0.0328125
0 0.88125 0.72265625 0.03203125 0.0796875
0 0.95625 0.6390625 0.04140625 0.0328125