0 0.5828125 0.884375 0.1171875 0.1765625
0 0.92734375 0.846875 0.1453125 0.14375
0 0.8875 0.4640625 0.0203125 0.0234375
0 0.8921875 0.66484375 0.0625 0.0734375
0 0.85390625 0.68671875 0.05625 0.0828125
0 0.71171875 0.52578125 0.0140625 0.01875
0 0.6890625 0.52265625 0.0125 0.015625
0 0.59453125 0.56875 0.0203125 0.03125
0 0.51796875 0.56328125 0.009375 0.0125
0 0.45078125 0.7109375 0.0578125 0.0640625
0 0.42265625 0.84921875 0.1578125 0.2234375
0 0.396875 0.6234375 0.0140625 0.0171875
0 0.37890625 0.72578125 0.090625 0.1046875
0 0.36875 0.6171875 0.0140625 0.021875
0 0.3203125 0.65703125 0.015625 0.0234375
0 0.284375 0.634375 0.0203125 0.028125
0 0.30625 0.903125 0.0453125 0.0765625
0 0.2015625 0.62109375 0.015625 0.0203125
0 0.21796875 0.92109375 0.065625 0.103125
0 0.10625 0.596875 0.0140625 0.0171875
0 0.14453125 0.9078125 0.078125 0.1