0 0.5125 0.89296875 0.0796875 0.16171875
0 0.05078125 0.93203125 0.1015625 0.13515625
0 0.01640625 0.7453125 0.02265625 0.0546875
0 0.15859375 0.94296875 0.14296875 0.1125
0 0.115625 0.55859375 0.015625 0.01953125
0 0.159375 0.7546875 0.0484375 0.0640625
0 0.2015625 0.7671875 0.0390625 0.07578125
0 0.30078125 0.5765625 0.0109375 0.0171875
0 0.321875 0.56796875 0.009375 0.0140625
0 0.425 0.58984375 0.01328125 0.02890625
0 0.49765625 0.565625 0.00703125 0.0109375
0 0.59921875 0.69296875 0.04609375 0.0546875
0 0.659375 0.8203125 0.1125 0.2015625
0 0.6296875 0.59453125 0.0109375 0.015625
0 0.671875 0.68984375 0.0703125 0.08984375
0 0.65546875 0.58203125 0.009375 0.01953125
0 0.7125 0.60859375 0.0109375 0.02109375
0 0.74140625 0.578125 0.01484375 0.02578125
0 0.7859375 0.84453125 0.0296875 0.07109375
0 0.81875 0.5453125 0.0125 0.0171875
0 0.87578125 0.840625 0.04453125 0.0953125
0 0.90546875 0.4984375 0.0109375 0.01484375
0 0.94375 0.809375 0.059375 0.0875