0 0.4890625 0.74140625 0.0953125 0.1046875
0 0.11484375 0.7296875 0.025 0.0578125
0 0.11796875 0.7390625 0.0265625 0.0390625
0 0.23984375 0.76015625 0.034375 0.046875
0 0.23828125 0.74453125 0.021875 0.0265625
0 0.31328125 0.6625 0.0328125 0.046875
0 0.38125 0.7390625 0.0109375 0.0234375
0 0.56171875 0.6859375 0.040625 0.0765625
0 0.65 0.69453125 0.0375 0.0796875
0 0.6953125 0.6828125 0.05625 0.0578125
0 0.87578125 0.66015625 0.025 0.0375
0 0.959375 0.54140625 0.0171875 0.0328125
0 0.98984375 0.54921875 0.0125 0.0390625