0 0.48515625 0.74140625 0.09296875 0.103125
0 0.1109375 0.72265625 0.0234375 0.05703125
0 0.1140625 0.73203125 0.0265625 0.03828125
0 0.23515625 0.75546875 0.0328125 0.04609375
0 0.234375 0.73984375 0.021875 0.0265625
0 0.31015625 0.659375 0.03203125 0.046875
0 0.37734375 0.73671875 0.01015625 0.02265625
0 0.55859375 0.68671875 0.03984375 0.0765625
0 0.646875 0.696875 0.03671875 0.07890625
0 0.6921875 0.6859375 0.0546875 0.05703125
0 0.87265625 0.66640625 0.02421875 0.03671875
0 0.95859375 0.54921875 0.0171875 0.0328125
0 0.9890625 0.5578125 0.0125 0.03828125