0 0.009375 0.63515625 0.01875 0.0265625
0 0.11953125 0.00703125 0.0609375 0.0140625
0 0.05234375 0.83125 0.0546875 0.028125
0 0.0671875 0.75703125 0.065625 0.040625
0 0.0828125 0.8453125 0.11875 0.04375
0 0.23359375 0.01640625 0.040625 0.0296875
0 0.25625 0.01015625 0.075 0.0203125
0 0.34765625 0.05 0.075 0.034375
0 0.325 0.465625 0.0765625 0.053125
0 0.3734375 0.16640625 0.0578125 0.046875
0 0.34921875 0.496875 0.0703125 0.046875
0 0.3953125 0.1796875 0.0828125 0.04375
0 0.52265625 0.684375 0.0921875 0.053125
0 0.62734375 0.7359375 0.10625 0.0625
0 0.70078125 0.078125 0.0484375 0.028125
0 0.62890625 0.7046875 0.059375 0.0375
0 0.78203125 0.10625 0.0546875 0.0375
0 0.78125 0.80546875 0.09375 0.0625
0 0.77578125 0.9109375 0.1046875 0.059375
0 0.82890625 0.5015625 0.09375 0.0546875
0 0.82265625 0.4640625 0.06875 0.0375
0 0.79140625 0.98828125 0.0859375 0.0234375