0 0.0171875 0.69609375 0.034375 0.02265625
0 0.05703125 0.01015625 0.059375 0.0203125
0 0.09609375 0.88359375 0.0515625 0.02265625
0 0.1015625 0.8078125 0.06171875 0.03359375
0 0.128125 0.89375 0.115625 0.03046875
0 0.1765625 0.05234375 0.03828125 0.02578125
0 0.196875 0.021875 0.071875 0.034375
0 0.29375 0.071875 0.071875 0.0265625
0 0.321875 0.4875 0.071875 0.04453125
0 0.33359375 0.184375 0.053125 0.04140625
0 0.35 0.515625 0.06640625 0.0390625
0 0.35703125 0.19453125 0.0796875 0.034375
0 0.5453125 0.68046875 0.0875 0.04296875
0 0.65546875 0.71875 0.1015625 0.05078125
0 0.64765625 0.05703125 0.04609375 0.02265625
0 0.653125 0.6875 0.05625 0.03046875
0 0.73203125 0.075 0.0515625 0.03125
0 0.81640625 0.76875 0.0875 0.05234375
0 0.8234375 0.87421875 0.1 0.04765625
0 0.8265625 0.46171875 0.0890625 0.04453125
0 0.815625 0.425 0.06484375 0.03046875
0 0.8515625 0.97109375 0.0796875 0.05703125