0 0.02890625 0.37109375 0.0265625 0.01875
0 0.103125 0.37265625 0.02265625 0.01875
0 0.16953125 0.234375 0.025 0.02578125
0 0.24921875 0.25 0.02421875 0.021875
0 0.2796875 0.26171875 0.01640625 0.02578125
0 0.38359375 0.240625 0.02421875 0.04609375
0 0.45625 0.36796875 0.028125 0.0171875
0 0.490625 0.209375 0.0390625 0.02734375
0 0.51796875 0.2046875 0.03515625 0.0328125
0 0.76953125 0.51328125 0.0640625 0.06640625
0 0.75625 0.34453125 0.028125 0.02734375
0 0.85859375 0.3640625 0.025 0.01875
0 0.8984375 0.3625 0.0265625 0.021875