0 0.0453125 0.32265625 0.028125 0.021875
0 0.11875 0.33203125 0.025 0.0203125
0 0.19921875 0.2015625 0.028125 0.028125
0 0.2765625 0.225 0.0265625 0.025
0 0.30546875 0.23984375 0.01875 0.028125
0 0.41171875 0.2296875 0.028125 0.0484375
0 0.4703125 0.3640625 0.0296875 0.0203125
0 0.52109375 0.21015625 0.0421875 0.03125
0 0.5484375 0.2078125 0.0390625 0.0359375
0 0.76640625 0.54140625 0.0703125 0.0734375
0 0.77109375 0.371875 0.03125 0.0296875
0 0.87109375 0.40234375 0.0265625 0.021875
0 0.9109375 0.4046875 0.028125 0.025