0 0.7984375 0.75078125 0.10625 0.096875
0 0.04765625 0.73359375 0.0921875 0.05703125
0 0.09921875 0.6796875 0.0640625 0.06640625
0 0.0828125 0.36796875 0.0140625 0.03984375
0 0.22109375 0.55703125 0.0484375 0.04140625
0 0.23046875 0.9296875 0.06015625 0.0578125
0 0.23828125 0.5859375 0.0515625 0.0546875
0 0.3578125 0.38203125 0.0375 0.0390625
0 0.3734375 0.3578125 0.03515625 0.0359375
0 0.39296875 0.47578125 0.0484375 0.04140625
0 0.40859375 0.453125 0.04140625 0.03828125
0 0.45078125 0.30234375 0.01953125 0.01171875
0 0.4671875 0.30859375 0.0234375 0.0109375
0 0.4734375 0.35390625 0.03046875 0.02734375
0 0.5 0.334375 0.0328125 0.02734375
0 0.503125 0.3140625 0.0203125 0.02109375
0 0.603125 0.30390625 0.02578125 0.02734375
0 0.6515625 0.30625 0.01796875 0.02578125
0 0.684375 0.8234375 0.071875 0.0921875
0 0.68125 0.3046875 0.0265625 0.02578125
0 0.71953125 0.325 0.0375 0.03984375
0 0.73125 0.309375 0.015625 0.02578125
0 0.76484375 0.51328125 0.03203125 0.0546875
0 0.76328125 0.31015625 0.0265625 0.02421875
0 0.77109375 0.5015625 0.0421875 0.03828125
0 0.82265625 0.80546875 0.06796875 0.0875
0 0.959375 0.58671875 0.021875 0.04296875