0 0.159375 0.6890625 0.1234375 0.115625
0 0.89921875 0.815625 0.1015625 0.0734375
0 0.859375 0.753125 0.075 0.078125
0 0.934375 0.45 0.021875 0.0421875
0 0.76328125 0.609375 0.0546875 0.05
0 0.68203125 0.96953125 0.0703125 0.0609375
0 0.740625 0.634375 0.0609375 0.0640625
0 0.66171875 0.41171875 0.04375 0.0453125
0 0.6515625 0.384375 0.040625 0.0421875
0 0.609375 0.496875 0.0546875 0.05
0 0.5984375 0.47109375 0.0484375 0.0453125
0 0.5859375 0.315625 0.021875 0.015625
0 0.56875 0.31875 0.025 0.015625
0 0.55390625 0.36171875 0.034375 0.0328125
0 0.53125 0.3375 0.0375 0.0328125
0 0.53203125 0.3171875 0.0234375 0.025
0 0.4359375 0.2875 0.03125 0.03125
0 0.38828125 0.28125 0.021875 0.028125
0 0.25703125 0.78203125 0.0875 0.1046875
0 0.359375 0.2734375 0.03125 0.0296875
0 0.31796875 0.2859375 0.04375 0.046875
0 0.309375 0.26875 0.0203125 0.028125
0 0.2375 0.4625 0.0421875 0.059375
0 0.278125 0.26328125 0.03125 0.028125
0 0.23359375 0.45 0.0484375 0.0453125
0 0.125 0.73828125 0.0828125 0.0984375
0 0.0328125 0.49765625 0.0296875 0.046875