0 0.046875 0.5125 0.0296875 0.0515625
0 0.17734375 0.50390625 0.02421875 0.03828125
0 0.278125 0.47265625 0.0234375 0.04609375
0 0.36875 0.6640625 0.02578125 0.053125
0 0.39296875 0.65390625 0.02578125 0.0515625
0 0.46796875 0.56796875 0.0171875 0.03671875
0 0.490625 0.89609375 0.021875 0.05703125
0 0.496875 0.896875 0.01796875 0.0328125
0 0.51015625 0.615625 0.02421875 0.04375
0 0.571875 0.6671875 0.02421875 0.04765625
0 0.7140625 0.6890625 0.0296875 0.0578125
0 0.8921875 0.50859375 0.0296875 0.05859375
0 0.9359375 0.5 0.03515625 0.04921875