0 0.04765625 0.528125 0.03125 0.053125
0 0.17734375 0.51484375 0.025 0.0390625
0 0.27734375 0.48046875 0.025 0.046875
0 0.37421875 0.66875 0.028125 0.0546875
0 0.3984375 0.6578125 0.028125 0.053125
0 0.4703125 0.56875 0.01875 0.0375
0 0.5046875 0.89609375 0.0234375 0.0578125
0 0.5109375 0.896875 0.01875 0.0328125
0 0.5140625 0.61484375 0.025 0.0453125
0 0.57734375 0.66484375 0.0265625 0.0484375
0 0.7203125 0.68125 0.03125 0.059375
0 0.8921875 0.49453125 0.03125 0.059375
0 0.9359375 0.48515625 0.0375 0.05