0 0.028125 0.840625 0.009375 0.015625
0 0.08046875 0.8484375 0.0140625 0.02109375
0 0.115625 0.784375 0.0140625 0.0171875
0 0.19453125 0.70390625 0.009375 0.015625
0 0.2140625 0.71875 0.01171875 0.0140625
0 0.34765625 0.709375 0.00703125 0.0125
0 0.35546875 0.9390625 0.01328125 0.03125
0 0.375 0.7125 0.00546875 0.00859375
0 0.38828125 0.678125 0.01015625 0.0109375
0 0.40390625 0.89140625 0.0171875 0.02421875
0 0.490625 0.92421875 0.015625 0.0234375
0 0.4921875 0.928125 0.0140625 0.021875
0 0.5140625 0.75546875 0.009375 0.0140625
0 0.63828125 0.68125 0.00546875 0.01640625
0 0.6703125 0.946875 0.01171875 0.03359375
0 0.69921875 0.76640625 0.01171875 0.02265625
0 0.81015625 0.7203125 0.0140625 0.02109375
0 0.8921875 0.91484375 0.0171875 0.0296875
0 0.89296875 0.85390625 0.0171875 0.0296875