0 0.9125 0.91015625 0.0109375 0.0171875
0 0.86015625 0.91015625 0.0171875 0.0234375
0 0.83515625 0.840625 0.0171875 0.01875
0 0.76953125 0.74921875 0.0109375 0.0171875
0 0.7484375 0.7609375 0.0140625 0.015625
0 0.61796875 0.73046875 0.009375 0.0140625
0 0.57421875 0.95625 0.01875 0.0328125
0 0.58984375 0.7296875 0.00625 0.009375
0 0.5828125 0.69375 0.0125 0.0125
0 0.53359375 0.9015625 0.0203125 0.0265625
0 0.44296875 0.9203125 0.01875 0.025
0 0.440625 0.92421875 0.0171875 0.0234375
0 0.44609375 0.75 0.0109375 0.015625
0 0.33515625 0.65703125 0.0078125 0.0171875
0 0.26171875 0.91484375 0.0171875 0.034375
0 0.26171875 0.73203125 0.015625 0.0234375
0 0.159375 0.66875 0.0171875 0.0234375
0 0.04765625 0.8484375 0.021875 0.03125
0 0.05625 0.78828125 0.021875 0.03125