0 0.103125 0.4609375 0.0140625 0.01875
0 0.11796875 0.45625 0.015625 0.0296875
0 0.1875 0.45 0.0171875 0.028125
0 0.2 0.503125 0.0140625 0.021875
0 0.234375 0.43984375 0.0171875 0.028125
0 0.22734375 0.50703125 0.0109375 0.01875
0 0.2609375 0.496875 0.01875 0.0234375
0 0.2859375 0.91171875 0.059375 0.0953125
0 0.35390625 0.50546875 0.0171875 0.0296875
0 0.36796875 0.5421875 0.0328125 0.0359375
0 0.35625 0.7984375 0.0484375 0.075
0 0.525 0.190625 0.0140625 0.0171875
0 0.5296875 0.19921875 0.0125 0.01875
0 0.62578125 0.509375 0.0140625 0.021875
0 0.640625 0.4640625 0.025 0.0328125
0 0.65234375 0.48671875 0.0140625 0.0296875
0 0.58125 0.946875 0.0484375 0.075
0 0.7453125 0.60703125 0.015625 0.028125
0 0.828125 0.509375 0.015625 0.025
0 0.89296875 0.50703125 0.0265625 0.0359375
0 0.9734375 0.48515625 0.0203125 0.0296875