0 0.103125 0.5375 0.01171875 0.01640625
0 0.11640625 0.5296875 0.01015625 0.028125
0 0.18359375 0.5109375 0.01171875 0.0265625
0 0.20625 0.56015625 0.0109375 0.0203125
0 0.228125 0.49140625 0.01171875 0.02578125
0 0.23359375 0.55859375 0.00703125 0.01796875
0 0.26484375 0.5421875 0.015625 0.0203125
0 0.36875 0.9453125 0.04375 0.0890625
0 0.3578125 0.53359375 0.01171875 0.028125
0 0.378125 0.56640625 0.0265625 0.03203125
0 0.415625 0.8203125 0.03515625 0.0703125
0 0.465625 0.19140625 0.0109375 0.015625
0 0.471875 0.19921875 0.00859375 0.01796875
0 0.625 0.48515625 0.01015625 0.02109375
0 0.63125 0.4375 0.0203125 0.0296875
0 0.646875 0.4578125 0.009375 0.02890625
0 0.66484375 0.9234375 0.0359375 0.06875
0 0.7609375 0.55859375 0.0109375 0.0265625
0 0.82421875 0.446875 0.01171875 0.0234375
0 0.8875 0.43203125 0.0203125 0.03203125
0 0.96171875 0.3953125 0.01484375 0.028125