0 0.0703125 0.63515625 0.028125 0.05
0 0.08984375 0.66640625 0.01875 0.0328125
0 0.10625 0.68046875 0.015625 0.025
0 0.11015625 0.62734375 0.0328125 0.0671875
0 0.0921875 0.20703125 0.103125 0.1953125
0 0.24140625 0.4671875 0.046875 0.0921875
0 0.3390625 0.296875 0.08125 0.1234375
0 0.49140625 0.56875 0.0140625 0.0265625
0 0.51328125 0.5859375 0.0109375 0.0203125
0 0.51796875 0.54921875 0.015625 0.0265625
0 0.53828125 0.534375 0.025 0.040625
0 0.540625 0.51171875 0.0203125 0.034375
0 0.5859375 0.67734375 0.0171875 0.0265625
0 0.5734375 0.49609375 0.0234375 0.04375
0 0.5921875 0.59921875 0.0265625 0.0453125
0 0.584375 0.4984375 0.0125 0.028125
0 0.5875 0.4546875 0.0234375 0.046875
0 0.64296875 0.7109375 0.021875 0.0421875
0 0.60546875 0.4296875 0.04375 0.071875
0 0.67265625 0.6734375 0.034375 0.065625
0 0.6953125 0.47734375 0.0140625 0.025
0 0.70078125 0.38984375 0.040625 0.059375
0 0.73125 0.35625 0.04375 0.06875
0 0.7484375 0.4265625 0.0234375 0.0484375
0 0.8 0.40078125 0.0359375 0.040625
0 0.92265625 0.6109375 0.09375 0.1125
0 0.87109375 0.3796875 0.0171875 0.0328125
0 0.90546875 0.5046875 0.0296875 0.03125
0 0.85703125 0.1421875 0.0546875 0.1
0 0.88359375 0.29453125 0.040625 0.0609375
0 0.89765625 0.3765625 0.01875 0.0296875
0 0.93671875 0.2234375 0.053125 0.06875
0 0.90703125 0.05859375 0.0640625 0.1171875