0 0.053125 0.55859375 0.01953125 0.04765625
0 0.0671875 0.59296875 0.0140625 0.03125
0 0.08125 0.609375 0.0109375 0.02421875
0 0.09375 0.5578125 0.021875 0.06484375
0 0.14921875 0.140625 0.071875 0.18515625
0 0.25078125 0.42265625 0.03203125 0.08828125
0 0.3765625 0.271875 0.0625 0.1140625
0 0.4796875 0.56640625 0.01015625 0.02578125
0 0.4984375 0.58671875 0.0078125 0.01953125
0 0.509375 0.5515625 0.0109375 0.02578125
0 0.53203125 0.540625 0.01796875 0.03828125
0 0.53828125 0.51875 0.015625 0.0328125
0 0.55390625 0.68984375 0.0125 0.02421875
0 0.5734375 0.50859375 0.0171875 0.040625
0 0.5734375 0.6140625 0.01875 0.04296875
0 0.58359375 0.51328125 0.00859375 0.02734375
0 0.59375 0.4703125 0.015625 0.04453125
0 0.60390625 0.7328125 0.01484375 0.040625
0 0.61640625 0.44921875 0.0328125 0.06796875
0 0.63984375 0.70078125 0.0234375 0.0625
0 0.69609375 0.51171875 0.0109375 0.0234375
0 0.7171875 0.4265625 0.03203125 0.0546875
0 0.75234375 0.3984375 0.03359375 0.06328125
0 0.75703125 0.47109375 0.01640625 0.04609375
0 0.8125 0.4546875 0.0296875 0.03671875
0 0.896875 0.6828125 0.078125 0.10078125
0 0.88671875 0.44609375 0.0125 0.03125
0 0.8984375 0.575 0.02578125 0.0265625
0 0.9140625 0.209375 0.0390625 0.0953125
0 0.91328125 0.3640625 0.03203125 0.05546875
0 0.91328125 0.44765625 0.0140625 0.02734375
0 0.978125 0.303125 0.0421875 0.0625
0 0.97890625 0.12578125 0.040625 0.134375