0 0.95703125 0.80390625 0.0140625 0.0234375
0 0.94921875 0.81875 0.01875 0.0265625
0 0.93046875 0.296875 0.0140625 0.025
0 0.91484375 0.778125 0.0140625 0.0328125
0 0.9046875 0.6078125 0.0171875 0.03125
0 0.90234375 0.76875 0.021875 0.0453125
0 0.884375 0.2203125 0.0171875 0.0265625
0 0.8703125 0.72578125 0.0203125 0.046875
0 0.8375 0.71640625 0.028125 0.0515625
0 0.83203125 0.85234375 0.025 0.0375
0 0.81640625 0.7625 0.0203125 0.0375
0 0.82109375 0.96015625 0.025 0.04375
0 0.81328125 0.86484375 0.028125 0.0390625
0 0.79296875 0.25390625 0.015625 0.0171875
0 0.79609375 0.890625 0.0171875 0.0265625
0 0.79375 0.9421875 0.021875 0.0328125
0 0.76328125 0.19296875 0.0140625 0.021875
0 0.77734375 0.69609375 0.0171875 0.0375
0 0.75703125 0.1953125 0.009375 0.0125
0 0.76640625 0.68125 0.0234375 0.0234375
0 0.7609375 0.62578125 0.0140625 0.0234375
0 0.74609375 0.92578125 0.03125 0.05625
0 0.7234375 0.19375 0.021875 0.0203125
0 0.7296875 0.65859375 0.021875 0.0328125
0 0.71953125 0.59921875 0.0140625 0.028125
0 0.71875 0.7390625 0.0203125 0.0359375
0 0.66875 0.0703125 0.0203125 0.025
0 0.6796875 0.45078125 0.01875 0.0234375
0 0.6796875 0.69609375 0.015625 0.0265625
0 0.66015625 0.79296875 0.015625 0.0234375
0 0.62578125 0.18515625 0.0109375 0.0140625
0 0.63828125 0.66171875 0.0171875 0.0453125
0 0.61640625 0.17421875 0.0171875 0.025
0 0.62265625 0.84296875 0.025 0.034375
0 0.55625 0.4421875 0.0109375 0.021875
0 0.5421875 0.4328125 0.021875 0.034375
0 0.53671875 0.50390625 0.0140625 0.028125
0 0.49765625 0.71015625 0.015625 0.0171875
0 0.49375 0.634375 0.01875 0.0328125
0 0.49296875 0.728125 0.015625 0.0203125
0 0.49140625 0.7625 0.0234375 0.0390625
0 0.47421875 0.6203125 0.01875 0.0265625
0 0.471875 0.5609375 0.0140625 0.03125
0 0.46484375 0.46875 0.0203125 0.03125
0 0.446875 0.5984375 0.0203125 0.0359375
0 0.43828125 0.70546875 0.0125 0.025
0 0.428125 0.68125 0.028125 0.0359375
0 0.42265625 0.48046875 0.0171875 0.0296875
0 0.42734375 0.7109375 0.01875 0.0390625
0 0.41875 0.56953125 0.0265625 0.04375
0 0.390625 0.49921875 0.0203125 0.0328125
0 0.3890625 0.690625 0.025 0.0296875
0 0.39140625 0.78984375 0.0203125 0.0359375
0 0.36953125 0.44453125 0.0140625 0.0171875
0 0.3796875 0.76640625 0.0171875 0.0359375
0 0.35625 0.671875 0.0125 0.0265625
0 0.34296875 0.67578125 0.01875 0.028125
0 0.33515625 0.53984375 0.0140625 0.021875
0 0.321875 0.584375 0.0125 0.0234375
0 0.3125 0.58515625 0.0140625 0.0203125
0 0.2390625 0.68984375 0.0078125 0.025
0 0.22578125 0.68359375 0.0203125 0.0328125
0 0.190625 0.84453125 0.021875 0.04375
0 0.14375 0.6734375 0.078125 0.0625
0 0.125 0.9328125 0.125 0.134375
0 0.11796875 0.628125 0.059375 0.053125