0 0.05390625 0.81953125 0.0125 0.02265625
0 0.0625 0.834375 0.0171875 0.02578125
0 0.0625 0.31171875 0.01328125 0.02421875
0 0.0953125 0.7921875 0.0125 0.0328125
0 0.09921875 0.621875 0.015625 0.03046875
0 0.10703125 0.7828125 0.01953125 0.0453125
0 0.10625 0.23359375 0.015625 0.02578125
0 0.1375 0.73828125 0.01796875 0.046875
0 0.1703125 0.728125 0.0265625 0.05
0 0.18046875 0.8640625 0.0234375 0.03671875
0 0.19296875 0.7734375 0.01953125 0.0375
0 0.1953125 0.97109375 0.02421875 0.04296875
0 0.2 0.87578125 0.0265625 0.0375
0 0.1984375 0.2640625 0.015625 0.0171875
0 0.21796875 0.90078125 0.015625 0.02578125
0 0.221875 0.95234375 0.0203125 0.0328125
0 0.22578125 0.20234375 0.0140625 0.02109375
0 0.2296875 0.70546875 0.01640625 0.03671875
0 0.2328125 0.2046875 0.00859375 0.0125
0 0.23984375 0.690625 0.0234375 0.02265625
0 0.24375 0.63515625 0.01328125 0.02265625
0 0.26875 0.934375 0.0296875 0.0546875
0 0.265625 0.2015625 0.021875 0.01953125
0 0.27578125 0.66640625 0.0203125 0.0328125
0 0.284375 0.60703125 0.01328125 0.028125
0 0.28984375 0.746875 0.01953125 0.0359375
0 0.31640625 0.0765625 0.01953125 0.02421875
0 0.31875 0.45703125 0.01796875 0.02265625
0 0.32734375 0.70234375 0.01484375 0.02578125
0 0.35 0.7984375 0.0140625 0.02265625
0 0.36328125 0.18984375 0.0109375 0.01328125
0 0.3671875 0.66640625 0.01484375 0.0453125
0 0.37265625 0.178125 0.015625 0.02421875
0 0.3890625 0.846875 0.02421875 0.0328125
0 0.44140625 0.44453125 0.01015625 0.02109375
0 0.45546875 0.434375 0.0203125 0.034375
0 0.46328125 0.50546875 0.0125 0.02734375
0 0.509375 0.71015625 0.015625 0.01640625
0 0.5109375 0.634375 0.01796875 0.03203125
0 0.51484375 0.728125 0.015625 0.01953125
0 0.51796875 0.76171875 0.021875 0.03828125
0 0.5296875 0.61953125 0.0171875 0.02578125
0 0.53046875 0.56015625 0.01328125 0.03046875
0 0.534375 0.4671875 0.01953125 0.03046875
0 0.55625 0.596875 0.01953125 0.0359375
0 0.56875 0.703125 0.0109375 0.02421875
0 0.578125 0.67890625 0.0265625 0.034375
0 0.5765625 0.478125 0.015625 0.0296875
0 0.5796875 0.70859375 0.0171875 0.03828125
0 0.58359375 0.56640625 0.02578125 0.0421875
0 0.609375 0.4953125 0.01953125 0.0328125
0 0.6171875 0.68671875 0.0234375 0.02890625
0 0.61875 0.7859375 0.01953125 0.03515625
0 0.628125 0.43984375 0.01328125 0.0171875
0 0.6296875 0.76171875 0.015625 0.03515625
0 0.65 0.66640625 0.01171875 0.02578125
0 0.66328125 0.6703125 0.01796875 0.02734375
0 0.66640625 0.534375 0.0140625 0.02109375
0 0.68125 0.578125 0.01171875 0.02265625
0 0.690625 0.57890625 0.01328125 0.0203125
0 0.7671875 0.68046875 0.00625 0.02421875
0 0.78046875 0.67421875 0.01953125 0.0328125
0 0.82109375 0.83359375 0.0203125 0.04296875
0 0.86171875 0.6609375 0.0765625 0.06015625
0 0.8890625 0.92734375 0.1203125 0.14453125
0 0.8859375 0.61484375 0.0578125 0.0515625