0 0.2046875 0.5453125 0.021875 0.028125
0 0.2734375 0.21484375 0.0234375 0.0234375
0 0.34765625 0.20390625 0.009375 0.0125
0 0.390625 0.29140625 0.01875 0.0265625
0 0.41328125 0.2 0.0109375 0.0171875
0 0.4703125 0.61875 0.06875 0.0875
0 0.43984375 0.80625 0.0484375 0.0640625
0 0.4359375 0.78984375 0.0265625 0.0296875
0 0.51875 0.45078125 0.04375 0.0515625
0 0.60625 0.2640625 0.009375 0.01875
0 0.6640625 0.2890625 0.0234375 0.021875
0 0.65390625 0.48125 0.0453125 0.046875
0 0.68984375 0.490625 0.040625 0.0578125
0 0.79296875 0.553125 0.0375 0.06875
0 0.8015625 0.73828125 0.05625 0.09375
0 0.84609375 0.5234375 0.04375 0.0484375
0 0.875 0.32578125 0.015625 0.0265625
0 0.93828125 0.2890625 0.0109375 0.01875