0 0.2171875 0.59609375 0.01796875 0.02578125
0 0.22734375 0.25859375 0.0203125 0.0203125
0 0.2984375 0.23515625 0.0078125 0.01171875
0 0.35625 0.31328125 0.015625 0.0234375
0 0.3625 0.21953125 0.0078125 0.015625
0 0.49140625 0.621875 0.05546875 0.07890625
0 0.49375 0.81171875 0.0390625 0.05859375
0 0.4875 0.796875 0.021875 0.02578125
0 0.51015625 0.4484375 0.0359375 0.0453125
0 0.56328125 0.24921875 0.00703125 0.0171875
0 0.625 0.2640625 0.0203125 0.01796875
0 0.6484375 0.4546875 0.0390625 0.04140625
0 0.68515625 0.4578125 0.03203125 0.053125
0 0.79765625 0.5015625 0.0265625 0.06484375
0 0.83828125 0.68203125 0.0421875 0.08828125
0 0.8453125 0.46328125 0.0375 0.0421875
0 0.8390625 0.26328125 0.0109375 0.02578125
0 0.8953125 0.21640625 0.00859375 0.01796875