0 0.0671875 0.7640625 0.01484375 0.040625
0 0.1625 0.74453125 0.01328125 0.0328125
0 0.16640625 0.7640625 0.0125 0.040625
0 0.20390625 0.7390625 0.0140625 0.02890625
0 0.2203125 0.728125 0.0171875 0.03828125
0 0.2625 0.60390625 0.0171875 0.03671875
0 0.2671875 0.77421875 0.01484375 0.034375
0 0.334375 0.68671875 0.015625 0.03671875
0 0.33359375 0.84453125 0.01171875 0.04453125
0 0.35 0.8375 0.0140625 0.03671875
0 0.4125 0.83125 0.0203125 0.05625
0 0.43671875 0.8484375 0.0234375 0.059375
0 0.47265625 0.9640625 0.01953125 0.059375
0 0.49375 0.94609375 0.01171875 0.03046875
0 0.578125 0.64765625 0.0140625 0.0421875
0 0.69921875 0.8015625 0.01328125 0.02734375