0 0.071875 0.771875 0.015625 0.040625
0 0.1671875 0.75 0.0140625 0.0328125
0 0.17109375 0.76953125 0.0125 0.040625
0 0.2078125 0.74453125 0.0140625 0.0296875
0 0.22421875 0.7328125 0.0171875 0.0390625
0 0.2640625 0.6078125 0.0171875 0.0375
0 0.271875 0.778125 0.015625 0.034375
0 0.3375 0.68984375 0.015625 0.0375
0 0.33984375 0.84765625 0.0125 0.0453125
0 0.35625 0.83984375 0.0140625 0.0375
0 0.41796875 0.8328125 0.021875 0.05625
0 0.44296875 0.84921875 0.025 0.059375
0 0.48046875 0.96484375 0.0203125 0.059375
0 0.5015625 0.94609375 0.0125 0.03125
0 0.58046875 0.64609375 0.0140625 0.0421875
0 0.7046875 0.79765625 0.0140625 0.028125