0 0.93359375 0.68984375 0.028125 0.04375
0 0.89609375 0.74140625 0.0265625 0.0625
0 0.78671875 0.53515625 0.0296875 0.034375
0 0.784375 0.475 0.0171875 0.028125
0 0.72109375 0.53359375 0.0109375 0.01875
0 0.70078125 0.60625 0.015625 0.028125
0 0.66484375 0.33359375 0.0125 0.01875
0 0.6296875 0.5546875 0.0234375 0.01875
0 0.55234375 0.475 0.0203125 0.0421875
0 0.49609375 0.38046875 0.0140625 0.0265625
0 0.48125 0.46484375 0.025 0.040625
0 0.484375 0.38046875 0.015625 0.025
0 0.40703125 0.45 0.021875 0.03125
0 0.3984375 0.459375 0.0171875 0.03125
0 0.2796875 0.46875 0.025 0.0296875
0 0.271875 0.48671875 0.0328125 0.0390625
0 0.278125 0.45390625 0.0203125 0.01875
0 0.2484375 0.1625 0.021875 0.021875
0 0.21953125 0.22421875 0.021875 0.0296875
0 0.12734375 0.646875 0.0265625 0.0484375
0 0.0828125 0.6046875 0.021875 0.0296875