0 0.0515625 0.6515625 0.02421875 0.0421875
0 0.084375 0.70625 0.021875 0.06015625
0 0.2109375 0.51015625 0.0265625 0.0328125
0 0.21875 0.45 0.01484375 0.02734375
0 0.2765625 0.5140625 0.01015625 0.0171875
0 0.290625 0.58828125 0.01328125 0.0265625
0 0.35 0.31953125 0.0109375 0.0171875
0 0.36640625 0.54296875 0.021875 0.0171875
0 0.45 0.4703125 0.01640625 0.040625
0 0.5140625 0.38125 0.01171875 0.025
0 0.521875 0.46640625 0.021875 0.03828125
0 0.52578125 0.38203125 0.0140625 0.0234375
0 0.596875 0.45859375 0.01953125 0.02890625
0 0.6046875 0.46875 0.0140625 0.0296875
0 0.721875 0.48828125 0.0234375 0.02734375
0 0.728125 0.50625 0.0296875 0.0359375
0 0.725 0.4734375 0.01953125 0.0171875
0 0.7796875 0.1859375 0.0203125 0.01953125
0 0.803125 0.25 0.0203125 0.02734375
0 0.85859375 0.67890625 0.021875 0.04609375
0 0.90625 0.640625 0.01953125 0.02734375