0 0.12890625 0.0671875 0.0359375 0.0734375
0 0.1890625 0.54453125 0.0703125 0.1140625
0 0.20703125 0.54921875 0.06953125 0.1015625
0 0.24765625 0.859375 0.06796875 0.11015625
0 0.28046875 0.8078125 0.04609375 0.0328125
0 0.375 0.20234375 0.06171875 0.0640625
0 0.37734375 0.153125 0.0578125 0.07890625
0 0.4734375 0.4828125 0.04140625 0.0765625
0 0.4921875 0.71484375 0.05859375 0.08671875
0 0.50078125 0.49140625 0.03046875 0.071875
0 0.53203125 0.546875 0.05 0.11796875
0 0.52890625 0.5203125 0.040625 0.11796875