0 0.8609375 0.39375 0.278125 0.646875
0 0.80546875 0.64375 0.3890625 0.69375
0 0.54375 0.234375 0.4453125 0.4296875
0 0.60625 0.41875 0.284375 0.1703125
0 0.61015625 0.8296875 0.16875 0.334375
0 0.303125 0.28828125 0.60625 0.4046875
0 0.471875 0.8078125 0.31875 0.384375
0 0.3015625 0.73671875 0.590625 0.5265625
0 0.465625 0.6265625 0.1953125 0.26875
0 0.43671875 0.46328125 0.209375 0.2046875
0 0.1828125 0.8671875 0.3375 0.265625
0 0.15859375 0.57578125 0.3171875 0.3796875
0 0.08515625 0.1046875 0.115625 0.0765625