0 0.128125 0.41328125 0.25625 0.63359375
0 0.2015625 0.66015625 0.3546875 0.6765625
0 0.4421875 0.23671875 0.425 0.4078125
0 0.38984375 0.42421875 0.27734375 0.15625
0 0.40703125 0.83515625 0.1515625 0.32734375
0 0.69453125 0.278125 0.60859375 0.3734375
0 0.54375 0.81015625 0.3 0.3765625
0 0.7109375 0.7359375 0.56484375 0.51796875
0 0.540625 0.62421875 0.18125 0.26015625
0 0.5609375 0.46015625 0.2 0.19453125
0 0.83671875 0.8625 0.3234375 0.271875
0 0.846875 0.5578125 0.30390625 0.36484375
0 0.89375 0.08359375 0.1125 0.0703125