0 0.909375 0.4625 0.0390625 0.0296875
0 0.8875 0.3171875 0.021875 0.040625
0 0.86171875 0.478125 0.0375 0.053125
0 0.828125 0.37734375 0.0296875 0.0234375
0 0.796875 0.425 0.0140625 0.015625
0 0.7546875 0.25390625 0.015625 0.021875
0 0.7078125 0.4609375 0.0265625 0.034375
0 0.66640625 0.25546875 0.0140625 0.021875
0 0.6875 0.6640625 0.05 0.0578125
0 0.64921875 0.38828125 0.0203125 0.0203125
0 0.61171875 0.215625 0.0125 0.015625
0 0.64375 0.4171875 0.0203125 0.021875
0 0.67265625 0.5828125 0.01875 0.021875
0 0.621875 0.315625 0.0125 0.0203125
0 0.6015625 0.215625 0.0125 0.0203125
0 0.64140625 0.5609375 0.0265625 0.0359375
0 0.57734375 0.365625 0.0234375 0.025
0 0.60546875 0.5546875 0.0234375 0.028125
0 0.553125 0.29609375 0.015625 0.01875
0 0.57734375 0.496875 0.03125 0.0390625
0 0.5390625 0.43046875 0.0171875 0.0171875
0 0.50703125 0.33125 0.021875 0.028125
0 0.48515625 0.4171875 0.01875 0.0265625
0 0.4109375 0.446875 0.0171875 0.0171875
0 0.3703125 0.415625 0.0140625 0.01875