0 0.090625 0.534375 0.0359375 0.0234375
0 0.08671875 0.3875 0.015625 0.03828125
0 0.13984375 0.54140625 0.0296875 0.04921875
0 0.15546875 0.4359375 0.0265625 0.01875
0 0.19453125 0.47734375 0.0125 0.01328125
0 0.20625 0.3015625 0.01171875 0.01953125
0 0.28828125 0.49765625 0.021875 0.03125
0 0.29375 0.28828125 0.0109375 0.01953125
0 0.34375 0.69453125 0.0421875 0.05078125
0 0.33359375 0.415625 0.0171875 0.01796875
0 0.340625 0.2390625 0.0109375 0.01328125
0 0.34375 0.44375 0.01796875 0.01953125
0 0.34453125 0.61171875 0.01484375 0.01953125
0 0.34765625 0.33984375 0.00859375 0.01953125
0 0.35078125 0.2375 0.01015625 0.01875
0 0.37109375 0.584375 0.0203125 0.03359375
0 0.40078125 0.38125 0.0203125 0.021875
0 0.40546875 0.571875 0.01953125 0.025
0 0.4125 0.30859375 0.01328125 0.0171875
0 0.4234375 0.51015625 0.02578125 0.03515625
0 0.44921875 0.43828125 0.01484375 0.01484375
0 0.4640625 0.33515625 0.0171875 0.025
0 0.5 0.415625 0.0140625 0.025
0 0.578125 0.43203125 0.0140625 0.01484375
0 0.61328125 0.39453125 0.0109375 0.0171875