0 0.9546875 0.40859375 0.025 0.0203125
0 0.90390625 0.61875 0.0328125 0.0203125
0 0.87109375 0.60546875 0.01875 0.0265625
0 0.834375 0.42421875 0.01875 0.015625
0 0.8296875 0.403125 0.021875 0.021875
0 0.81015625 0.43046875 0.028125 0.0203125
0 0.79921875 0.72421875 0.0625 0.0328125
0 0.76953125 0.6296875 0.009375 0.021875
0 0.72890625 0.51484375 0.01875 0.021875
0 0.72734375 0.64765625 0.0375 0.0328125
0 0.69375 0.8921875 0.0265625 0.0265625
0 0.6609375 0.7796875 0.0375 0.028125
0 0.5625 0.93984375 0.0375 0.03125