0 0.04140625 0.4328125 0.0234375 0.01875
0 0.103125 0.63984375 0.03203125 0.01875
0 0.13515625 0.625 0.01796875 0.02578125
0 0.1625 0.4421875 0.01796875 0.01484375
0 0.165625 0.4203125 0.0203125 0.0203125
0 0.18671875 0.446875 0.02734375 0.01875
0 0.21328125 0.73984375 0.06171875 0.0296875
0 0.2375 0.64375 0.00859375 0.021875
0 0.271875 0.5265625 0.01796875 0.0203125
0 0.28046875 0.659375 0.03671875 0.03046875
0 0.32734375 0.9015625 0.025 0.02578125
0 0.35390625 0.7875 0.0359375 0.0265625
0 0.4609375 0.9421875 0.03671875 0.02890625