0 0.975 0.53359375 0.05 0.0640625
0 0.91953125 0.8796875 0.084375 0.0984375
0 0.890625 0.728125 0.05 0.053125
0 0.88828125 0.74296875 0.034375 0.0390625
0 0.8703125 0.771875 0.028125 0.0359375
0 0.8140625 0.796875 0.01875 0.0359375
0 0.76015625 0.7765625 0.0296875 0.040625
0 0.54375 0.88515625 0.0359375 0.0453125
0 0.528125 0.91875 0.034375 0.0375
0 0.45546875 0.87265625 0.05 0.046875
0 0.4203125 0.93125 0.0390625 0.0359375
0 0.3953125 0.934375 0.0296875 0.0421875
0 0.2015625 0.58046875 0.0140625 0.0203125
0 0.1609375 0.6109375 0.0171875 0.0140625