0 0.03125 0.6 0.046875 0.05859375
0 0.1375 0.934375 0.071875 0.08984375
0 0.1453125 0.78046875 0.04375 0.04765625
0 0.14921875 0.79453125 0.0296875 0.03515625
0 0.17109375 0.82109375 0.0234375 0.03359375
0 0.23046875 0.8375 0.0140625 0.03359375
0 0.28125 0.81015625 0.025 0.0375
0 0.51015625 0.8875 0.0296875 0.04140625
0 0.53046875 0.91875 0.0296875 0.03359375
0 0.59609375 0.8625 0.0453125 0.04140625
0 0.6390625 0.915625 0.034375 0.03125
0 0.6640625 0.915625 0.025 0.03984375
0 0.80703125 0.53828125 0.0109375 0.01875
0 0.8515625 0.5625 0.015625 0.0125