0 0.1640625 0.4984375 0.128125 0.0953125
0 0.0359375 0.26484375 0.01171875 0.0171875
0 0.0578125 0.21328125 0.04453125 0.0375
0 0.08671875 0.325 0.01953125 0.02578125
0 0.2796875 0.2390625 0.0484375 0.02734375
0 0.303125 0.184375 0.01875 0.0203125
0 0.3296875 0.34296875 0.0578125 0.05703125
0 0.3390625 0.3734375 0.0140625 0.01875
0 0.353125 0.24375 0.0421875 0.03046875
0 0.34609375 0.1890625 0.01953125 0.01875
0 0.509375 0.3296875 0.02890625 0.03046875
0 0.59609375 0.315625 0.03203125 0.02890625
0 0.61171875 0.2984375 0.04453125 0.03203125
0 0.70390625 0.26640625 0.02578125 0.02734375
0 0.78125 0.3734375 0.02890625 0.01875
0 0.84140625 0.31484375 0.01953125 0.02265625
0 0.89765625 0.309375 0.0359375 0.015625
0 0.91796875 0.4015625 0.01640625 0.02265625
0 0.990625 0.32265625 0.0171875 0.0296875