0 0.17265625 0.57421875 0.146875 0.121875
0 0.00390625 0.375 0.0078125 0.01875
0 0.01484375 0.3203125 0.0296875 0.046875
0 0.0578125 0.42265625 0.025 0.0296875
0 0.2265625 0.2953125 0.053125 0.0375
0 0.2375 0.23671875 0.0234375 0.0234375
0 0.2984375 0.38515625 0.06875 0.06875
0 0.31484375 0.4125 0.0171875 0.021875
0 0.29921875 0.28359375 0.0484375 0.0390625
0 0.28046875 0.23203125 0.0234375 0.0234375
0 0.47109375 0.33203125 0.034375 0.0359375
0 0.55234375 0.2984375 0.0375 0.0359375
0 0.56328125 0.278125 0.05 0.040625
0 0.64609375 0.2265625 0.03125 0.0328125
0 0.7453125 0.31328125 0.0328125 0.025
0 0.790625 0.24296875 0.0234375 0.0265625
0 0.84453125 0.225 0.0390625 0.0234375
0 0.88515625 0.31015625 0.0203125 0.025
0 0.93828125 0.2171875 0.0234375 0.0328125