0 0.10625 0.5640625 0.01015625 0.015625
0 0.1234375 0.478125 0.0046875 0.0140625
0 0.14765625 0.48203125 0.0078125 0.01015625
0 0.1625 0.73984375 0.0203125 0.034375
0 0.1671875 0.97578125 0.0140625 0.034375
0 0.20859375 0.5453125 0.01171875 0.01328125
0 0.2125 0.54296875 0.009375 0.009375
0 0.2296875 0.63359375 0.0109375 0.01015625
0 0.23125 0.621875 0.00859375 0.009375
0 0.29375 0.578125 0.01171875 0.0171875
0 0.32734375 0.69609375 0.00859375 0.0203125
0 0.4875 0.828125 0.0140625 0.01953125
0 0.72109375 0.7453125 0.01015625 0.03125