0 0.88828125 0.59140625 0.0109375 0.015625
0 0.87734375 0.5046875 0.00625 0.0140625
0 0.853125 0.50703125 0.0078125 0.0109375
0 0.8203125 0.7625 0.0234375 0.0359375
0 0.79765625 0.98984375 0.0171875 0.0203125
0 0.7875 0.565625 0.0125 0.0140625
0 0.78359375 0.56328125 0.009375 0.009375
0 0.76015625 0.65234375 0.0109375 0.0109375
0 0.759375 0.640625 0.009375 0.009375
0 0.7 0.5921875 0.0125 0.0171875
0 0.65859375 0.7078125 0.009375 0.0203125
0 0.48984375 0.828125 0.015625 0.0203125
0 0.2625 0.72890625 0.0125 0.03125