0 0.19140625 0.73125 0.03203125 0.03125
0 0.203125 0.6515625 0.0359375 0.034375
0 0.2015625 0.60625 0.01953125 0.040625
0 0.25 0.85 0.07578125 0.065625
0 0.22734375 0.53125 0.01953125 0.01796875
0 0.24375 0.51796875 0.0140625 0.01796875
0 0.253125 0.5734375 0.0171875 0.04375
0 0.265625 0.7859375 0.03203125 0.04765625
0 0.37734375 0.42890625 0.0125 0.03359375
0 0.390625 0.428125 0.0140625 0.03828125
0 0.4203125 0.43984375 0.0296875 0.0515625
0 0.45390625 0.60625 0.0265625 0.02890625
0 0.5109375 0.61796875 0.0234375 0.02421875
0 0.5140625 0.63828125 0.02421875 0.04609375
0 0.684375 0.37265625 0.0234375 0.02734375
0 0.7171875 0.67109375 0.03828125 0.065625
0 0.725 0.5015625 0.03203125 0.0421875
0 0.83203125 0.82734375 0.0671875 0.07890625
0 0.88125 0.34765625 0.034375 0.05078125
0 0.9828125 0.37890625 0.03359375 0.0609375