0 0.2265625 0.771875 0.0359375 0.0359375
0 0.22734375 0.69140625 0.040625 0.0390625
0 0.21953125 0.646875 0.025 0.0421875
0 0.30078125 0.88125 0.084375 0.075
0 0.234375 0.56875 0.021875 0.0203125
0 0.2484375 0.553125 0.0171875 0.0203125
0 0.265625 0.60703125 0.0234375 0.0453125
0 0.3078125 0.815625 0.0390625 0.0515625
0 0.36875 0.446875 0.0171875 0.034375
0 0.38203125 0.44375 0.01875 0.040625
0 0.4125 0.4515625 0.0359375 0.0546875
0 0.46953125 0.61171875 0.0296875 0.0328125
0 0.52734375 0.615625 0.0265625 0.0265625
0 0.5328125 0.63515625 0.0296875 0.0484375
0 0.66484375 0.3484375 0.0265625 0.0296875
0 0.7390625 0.6390625 0.046875 0.0703125
0 0.72265625 0.4703125 0.0375 0.046875
0 0.87421875 0.778125 0.078125 0.0875
0 0.85625 0.29609375 0.040625 0.0546875
0 0.9609375 0.3125 0.0421875 0.065625