0 0.08671875 0.53984375 0.05 0.0328125
0 0.0828125 0.56328125 0.03125 0.05
0 0.15859375 0.525 0.0375 0.06875
0 0.19921875 0.45703125 0.0375 0.0421875
0 0.215625 0.7640625 0.0234375 0.0390625
0 0.21875 0.44921875 0.015625 0.0359375
0 0.2578125 0.46875 0.0453125 0.028125
0 0.3359375 0.465625 0.0265625 0.0421875
0 0.36328125 0.55625 0.0359375 0.0421875
0 0.4703125 0.27421875 0.025 0.0296875
0 0.4796875 0.2859375 0.025 0.034375
0 0.515625 0.5375 0.0296875 0.0421875
0 0.54140625 0.5609375 0.0375 0.0515625
0 0.67421875 0.4359375 0.0234375 0.046875
0 0.6921875 0.43984375 0.025 0.046875
0 0.7140625 0.353125 0.021875 0.0421875
0 0.75546875 0.34296875 0.0328125 0.04375
0 0.80703125 0.49140625 0.034375 0.034375
0 0.80625 0.47578125 0.0265625 0.0171875
0 0.86875 0.334375 0.0234375 0.015625
0 0.9046875 0.35078125 0.040625 0.040625