0 0.0859375 0.52578125 0.04921875 0.03046875
0 0.08125 0.5484375 0.0296875 0.0484375
0 0.1578125 0.51328125 0.03515625 0.0671875
0 0.20078125 0.446875 0.0359375 0.04140625
0 0.20625 0.75390625 0.021875 0.0390625
0 0.22109375 0.4390625 0.0140625 0.0359375
0 0.259375 0.46015625 0.04453125 0.02734375
0 0.3375 0.46015625 0.02578125 0.040625
0 0.36171875 0.5515625 0.03515625 0.04140625
0 0.478125 0.2734375 0.0234375 0.02890625
0 0.4875 0.28515625 0.0234375 0.0328125
0 0.5140625 0.53828125 0.02890625 0.04140625
0 0.5390625 0.5625 0.03515625 0.05
0 0.6765625 0.4421875 0.02109375 0.046875
0 0.69453125 0.446875 0.0234375 0.0453125
0 0.71875 0.3609375 0.0203125 0.0421875
0 0.7609375 0.35234375 0.03203125 0.04296875
0 0.80703125 0.50234375 0.03359375 0.03359375
0 0.80703125 0.48671875 0.0265625 0.015625
0 0.87421875 0.34765625 0.0234375 0.01484375
0 0.909375 0.36484375 0.03984375 0.0390625