0 0.06015625 0.17890625 0.0453125 0.04609375
0 0.0890625 0.21953125 0.0234375 0.04140625
0 0.253125 0.67890625 0.0703125 0.046875
0 0.278125 0.69296875 0.0734375 0.0359375
0 0.2734375 0.74609375 0.0515625 0.0625
0 0.33515625 0.48671875 0.0265625 0.0578125
0 0.35703125 0.44609375 0.0359375 0.03671875
0 0.4 0.09453125 0.0234375 0.0328125
0 0.4609375 0.17890625 0.02109375 0.0390625
0 0.6171875 0.546875 0.0265625 0.0328125
0 0.6375 0.78984375 0.028125 0.109375
0 0.63828125 0.365625 0.0234375 0.02421875
0 0.64609375 0.3890625 0.03046875 0.04296875
0 0.678125 0.6046875 0.04140625 0.03828125
0 0.78671875 0.65234375 0.0453125 0.0453125