0 0.065625 0.17109375 0.046875 0.046875
0 0.09375 0.2125 0.0234375 0.0421875
0 0.25 0.67421875 0.071875 0.0484375
0 0.275 0.6890625 0.0734375 0.0375
0 0.26953125 0.7421875 0.053125 0.0640625
0 0.33515625 0.48359375 0.028125 0.0578125
0 0.3578125 0.44375 0.0359375 0.0375
0 0.40703125 0.09296875 0.0234375 0.0328125
0 0.46640625 0.178125 0.021875 0.0390625
0 0.61640625 0.54921875 0.0265625 0.0328125
0 0.63203125 0.7921875 0.0296875 0.109375
0 0.640625 0.36796875 0.0234375 0.025
0 0.64765625 0.39140625 0.03125 0.04375
0 0.6765625 0.6078125 0.0421875 0.0390625
0 0.784375 0.65703125 0.046875 0.046875