0 0.4984375 0.7453125 0.06953125 0.15625
0 0.0484375 0.46796875 0.028125 0.0328125
0 0.21015625 0.428125 0.03203125 0.0328125
0 0.25234375 0.4234375 0.0203125 0.01953125
0 0.33203125 0.3515625 0.0171875 0.034375
0 0.359375 0.4765625 0.0140625 0.0421875
0 0.40625 0.8015625 0.084375 0.1265625
0 0.45 0.59921875 0.06015625 0.07890625
0 0.540625 0.56875 0.05546875 0.08828125
0 0.59921875 0.37421875 0.01796875 0.03671875
0 0.6078125 0.58046875 0.01640625 0.053125
0 0.73671875 0.79296875 0.05 0.1328125
0 0.84921875 0.27421875 0.01796875 0.02890625
0 0.9578125 0.52109375 0.03046875 0.0578125