0 0.53984375 0.7421875 0.09375 0.165625
0 0.940625 0.39765625 0.0328125 0.0375
0 0.775 0.38359375 0.0375 0.0375
0 0.7328125 0.3859375 0.0234375 0.021875
0 0.64296875 0.32734375 0.021875 0.0359375
0 0.63515625 0.4546875 0.0203125 0.04375
0 0.63984375 0.7828125 0.103125 0.1375
0 0.56484375 0.58984375 0.071875 0.0875
0 0.4703125 0.57421875 0.06875 0.0953125
0 0.38203125 0.39140625 0.0234375 0.0390625
0 0.40625 0.59609375 0.025 0.0546875
0 0.31171875 0.8265625 0.0703125 0.1390625
0 0.11953125 0.33125 0.021875 0.03125
0 0.05078125 0.5921875 0.0390625 0.0625