0 0.125 0.84296875 0.021875 0.01484375
0 0.1359375 0.834375 0.00859375 0.01953125
0 0.20703125 0.7359375 0.0203125 0.01640625
0 0.23828125 0.6546875 0.01796875 0.01640625
0 0.303125 0.678125 0.0171875 0.01953125
0 0.33984375 0.55703125 0.0171875 0.0203125
0 0.36171875 0.66875 0.0328125 0.040625
0 0.3890625 0.74140625 0.03515625 0.03984375
0 0.39765625 0.48515625 0.0171875 0.02890625
0 0.45 0.47109375 0.009375 0.02578125
0 0.46484375 0.47890625 0.0203125 0.02578125
0 0.51328125 0.79921875 0.0234375 0.0171875
0 0.53125 0.66640625 0.0171875 0.0359375
0 0.61953125 0.221875 0.01796875 0.03671875
0 0.64375 0.29609375 0.02421875 0.03984375
0 0.64765625 0.290625 0.028125 0.02578125
0 0.70078125 0.21328125 0.0203125 0.02578125
0 0.70546875 0.20234375 0.01953125 0.0171875
0 0.78671875 0.70390625 0.08359375 0.07734375
0 0.79921875 0.68984375 0.0859375 0.0859375
0 0.91171875 0.3671875 0.06171875 0.03984375
0 0.9671875 0.11015625 0.0265625 0.053125
0 0.9640625 0.3203125 0.015625 0.01171875