0 0.19765625 0.90859375 0.025 0.01875
0 0.20625 0.89765625 0.0125 0.0203125
0 0.2578125 0.7875 0.0234375 0.0203125
0 0.27265625 0.7015625 0.0203125 0.0203125
0 0.340625 0.7125 0.0203125 0.021875
0 0.35390625 0.58671875 0.0203125 0.0234375
0 0.39609375 0.6921875 0.040625 0.046875
0 0.4375 0.7578125 0.0421875 0.0453125
0 0.396875 0.5046875 0.021875 0.03125
0 0.4453125 0.48125 0.0140625 0.0265625
0 0.46171875 0.4859375 0.025 0.0296875
0 0.5703125 0.79140625 0.0265625 0.021875
0 0.5625 0.65703125 0.0234375 0.0390625
0 0.5640625 0.20390625 0.025 0.0390625
0 0.60234375 0.27265625 0.03125 0.04375
0 0.6046875 0.26640625 0.0328125 0.03125
0 0.6421875 0.18046875 0.025 0.0296875
0 0.64453125 0.16875 0.021875 0.0203125
0 0.8203125 0.6453125 0.096875 0.0921875
0 0.8296875 0.62890625 0.1 0.1
0 0.87890625 0.29140625 0.06875 0.0515625
0 0.88359375 0.028125 0.0359375 0.05625
0 0.92109375 0.23515625 0.0171875 0.0140625