0 0.23359375 0.596875 0.08203125 0.0671875
0 0.38515625 0.88125 0.05703125 0.00703125
0 0.38984375 0.8984375 0.065625 0.0234375
0 0.45546875 0.7 0.05703125 0.040625
0 0.4546875 0.39921875 0.03828125 0.015625
0 0.46171875 0.3203125 0.02109375 0.03125
0 0.4671875 0.4125 0.03203125 0.0171875
0 0.55078125 0.7203125 0.12734375 0.05625
0 0.5234375 0.659375 0.0390625 0.03125
0 0.54609375 0.5984375 0.06171875 0.03125
0 0.534375 0.45546875 0.025 0.021875
0 0.55390625 0.60390625 0.04609375 0.04140625
0 0.54921875 0.540625 0.0234375 0.0359375
0 0.56484375 0.5359375 0.05 0.034375
0 0.55234375 0.6671875 0.01796875 0.0390625
0 0.5890625 0.76328125 0.05390625 0.0546875
0 0.6234375 0.590625 0.04296875 0.03046875
0 0.634375 0.60234375 0.0609375 0.034375
0 0.66875 0.7953125 0.1140625 0.05625
0 0.634375 0.6609375 0.03671875 0.02734375
0 0.69375 0.86484375 0.1140625 0.05625
0 0.73515625 0.27421875 0.0296875 0.02578125
0 0.81328125 0.94375 0.12109375 0.0765625
0 0.76796875 0.2703125 0.02265625 0.0234375
0 0.9484375 0.3015625 0.01328125 0.0140625
0 0.96640625 0.2859375 0.01796875 0.0140625