0 0.2234375 0.5640625 0.0890625 0.0765625
0 0.33984375 0.8640625 0.0578125 0.0140625
0 0.3421875 0.88203125 0.06875 0.03125
0 0.43125 0.69296875 0.0609375 0.046875
0 0.4671875 0.39453125 0.040625 0.0203125
0 0.48359375 0.3171875 0.025 0.0328125
0 0.478125 0.409375 0.034375 0.0203125
0 0.5234375 0.725 0.1328125 0.071875
0 0.50390625 0.6609375 0.0421875 0.0359375
0 0.53359375 0.603125 0.065625 0.0390625
0 0.53984375 0.46015625 0.028125 0.025
0 0.540625 0.609375 0.0515625 0.046875
0 0.54375 0.54609375 0.028125 0.0390625
0 0.56015625 0.54375 0.053125 0.040625
0 0.53125 0.67265625 0.021875 0.040625
0 0.55625 0.771875 0.0609375 0.0609375
0 0.61171875 0.6046875 0.046875 0.0359375
0 0.62109375 0.61796875 0.0640625 0.0421875
0 0.63125 0.8140625 0.1203125 0.0703125
0 0.6140625 0.67578125 0.0390625 0.03125
0 0.64765625 0.8859375 0.1203125 0.0703125
0 0.7609375 0.3046875 0.0328125 0.0296875
0 0.75703125 0.96640625 0.1296875 0.0671875
0 0.79375 0.3046875 0.025 0.0265625
0 0.96953125 0.3578125 0.015625 0.015625
0 0.9890625 0.34453125 0.0203125 0.015625