0 0.9421875 0.475 0.115625 0.28125
0 0.9140625 0.23984375 0.0734375 0.11875
0 0.94453125 0.53125 0.040625 0.0671875
0 0.8515625 0.5578125 0.125 0.1984375
0 0.7328125 0.76171875 0.271875 0.4375
0 0.6484375 0.3328125 0.0609375 0.1140625
0 0.575 0.3203125 0.128125 0.2015625
0 0.54296875 0.74609375 0.1609375 0.3375
0 0.41953125 0.6828125 0.4265625 0.634375
0 0.30859375 0.3703125 0.05625 0.1125
0 0.25234375 0.34921875 0.0828125 0.1421875
0 0.203125 0.48828125 0.1234375 0.159375
0 0.13984375 0.4265625 0.0875 0.1390625
0 0.10390625 0.51953125 0.071875 0.1359375