0 0.0484375 0.54609375 0.09609375 0.26953125
0 0.05 0.3078125 0.05703125 0.1109375
0 0.065625 0.60078125 0.03125 0.0625
0 0.16171875 0.6125 0.09765625 0.1859375
0 0.3109375 0.79453125 0.21015625 0.409375
0 0.32734375 0.3578125 0.0453125 0.1078125
0 0.39765625 0.334375 0.1 0.18828125
0 0.49609375 0.75 0.1125 0.3234375
0 0.6109375 0.6859375 0.33203125 0.62578125
0 0.66875 0.3421875 0.040625 0.10703125
0 0.72109375 0.3125 0.06328125 0.13359375
0 0.79140625 0.4421875 0.1015625 0.1453125
0 0.84453125 0.37109375 0.0671875 0.13046875
0 0.89453125 0.45703125 0.0515625 0.1296875