0 0.67734375 0.33125 0.1046875 0.1140625
0 0.7875 0.40546875 0.0484375 0.1046875
0 0.7609375 0.41953125 0.059375 0.1
0 0.63359375 0.61484375 0.09375 0.1234375
0 0.34375 0.403125 0.0390625 0.11875
0 0.29375 0.696875 0.065625 0.0828125
0 0.2859375 0.7 0.0671875 0.065625
0 0.1640625 0.6546875 0.09375 0.0984375
0 0.090625 0.6203125 0.071875 0.15
0 0.05078125 0.58203125 0.0578125 0.0859375
0 0.05859375 0.77265625 0.075 0.115625
0 0.04765625 0.678125 0.0734375 0.1265625
0 0.046875 0.84453125 0.03125 0.059375