0 0.30625 0.35078125 0.09453125 0.10546875
0 0.20390625 0.4359375 0.03828125 0.10078125
0 0.23203125 0.446875 0.05 0.09453125
0 0.37890625 0.628125 0.0828125 0.11484375
0 0.6453125 0.3875 0.02734375 0.11640625
0 0.72578125 0.67421875 0.0578125 0.07734375
0 0.73359375 0.6765625 0.0609375 0.06015625
0 0.85 0.61875 0.084375 0.090625
0 0.91953125 0.5765625 0.0578125 0.14453125
0 0.95546875 0.534375 0.05 0.08125
0 0.9671875 0.725 0.0640625 0.11015625
0 0.96875 0.6296875 0.06171875 0.1203125
0 0.98671875 0.7953125 0.025 0.05703125