0 0.24921875 0.259375 0.1609375 0.271875
0 0.06328125 0.43203125 0.040625 0.1078125
0 0.1203125 0.3984375 0.04375 0.0671875
0 0.31484375 0.1734375 0.0640625 0.140625
0 0.2671875 0.75 0.05625 0.0890625
0 0.34296875 0.46484375 0.109375 0.1171875
0 0.4375 0.775 0.11875 0.084375
0 0.49609375 0.5546875 0.10625 0.1265625
0 0.5109375 0.734375 0.0625 0.0921875
0 0.51953125 0.65859375 0.065625 0.1203125
0 0.5703125 0.4609375 0.146875 0.3015625
0 0.68203125 0.60546875 0.15 0.159375
0 0.64921875 0.47109375 0.034375 0.0703125
0 0.6984375 0.428125 0.0890625 0.184375
0 0.73203125 0.571875 0.0828125 0.078125