0 0.22890625 0.28203125 0.13828125 0.26015625
0 0.059375 0.4703125 0.03125 0.10546875
0 0.11328125 0.43203125 0.0390625 0.0640625
0 0.28671875 0.190625 0.053125 0.13671875
0 0.28984375 0.76953125 0.0484375 0.0859375
0 0.340625 0.47890625 0.10078125 0.10859375
0 0.46171875 0.7796875 0.1125 0.07421875
0 0.50078125 0.5546875 0.09609375 0.11796875
0 0.53125 0.7328125 0.05546875 0.0875
0 0.53359375 0.65625 0.05625 0.11640625
0 0.56640625 0.4546875 0.12265625 0.2921875
0 0.690625 0.5890625 0.13828125 0.14765625
0 0.64609375 0.45859375 0.028125 0.06875
0 0.69140625 0.4109375 0.0734375 0.17890625
0 0.7375 0.5515625 0.07734375 0.071875