0 0.07421875 0.728125 0.0203125 0.034375
0 0.12265625 0.79296875 0.0234375 0.0296875
0 0.13828125 0.8328125 0.0390625 0.0546875
0 0.1515625 0.75078125 0.034375 0.0625
0 0.27265625 0.87109375 0.021875 0.0265625
0 0.30234375 0.5171875 0.03125 0.0390625
0 0.46953125 0.83515625 0.028125 0.0453125
0 0.47734375 0.8125 0.053125 0.0578125
0 0.47109375 0.64609375 0.0359375 0.059375
0 0.6453125 0.696875 0.05625 0.071875
0 0.7765625 0.6203125 0.0375 0.0640625
0 0.79609375 0.56015625 0.0203125 0.0359375
0 0.8078125 0.54453125 0.028125 0.046875
0 0.8390625 0.55703125 0.0265625 0.05
0 0.84921875 0.5515625 0.03125 0.05
0 0.89453125 0.67421875 0.0375 0.0375