0 0.03828125 0.64296875 0.0140625 0.0328125
0 0.0734375 0.715625 0.01796875 0.02734375
0 0.08125 0.7578125 0.0296875 0.05
0 0.11015625 0.6796875 0.0234375 0.059375
0 0.20625 0.82109375 0.0171875 0.0234375
0 0.2328125 0.9890625 0.0421875 0.0203125
0 0.303125 0.47890625 0.02578125 0.034375
0 0.40625 0.8234375 0.0203125 0.0421875
0 0.41796875 0.80234375 0.04375 0.05078125
0 0.44375 0.6375 0.02578125 0.05546875
0 0.6046875 0.72109375 0.0453125 0.0640625
0 0.7484375 0.67109375 0.02578125 0.0609375
0 0.77890625 0.615625 0.0140625 0.03359375
0 0.79375 0.60234375 0.01953125 0.04375
0 0.821875 0.6203125 0.0171875 0.04765625
0 0.8328125 0.6171875 0.02265625 0.046875
0 0.85390625 0.74609375 0.03203125 0.03125