0 0.97421875 0.70546875 0.01875 0.0140625
0 0.865625 0.7140625 0.0140625 0.0203125
0 0.81953125 0.3921875 0.04375 0.0546875
0 0.8375 0.67421875 0.0171875 0.0234375
0 0.73203125 0.1484375 0.0234375 0.0484375
0 0.61640625 0.77109375 0.0140625 0.0234375
0 0.54140625 0.13203125 0.040625 0.0375
0 0.52890625 0.62109375 0.015625 0.025
0 0.5109375 0.62265625 0.021875 0.025
0 0.475 0.41328125 0.0390625 0.0734375
0 0.4640625 0.421875 0.040625 0.071875
0 0.4609375 0.734375 0.0140625 0.021875
0 0.39453125 0.7359375 0.0140625 0.021875
0 0.30703125 0.7546875 0.0296875 0.0359375
0 0.16015625 0.9046875 0.0296875 0.0390625
0 0.103125 0.71875 0.009375 0.015625