0 0.04140625 0.73828125 0.01796875 0.01328125
0 0.15 0.7390625 0.0125 0.01953125
0 0.1734375 0.41484375 0.03984375 0.0515625
0 0.17578125 0.69765625 0.015625 0.02265625
0 0.24375 0.165625 0.0203125 0.046875
0 0.403125 0.77890625 0.01328125 0.021875
0 0.4328125 0.1359375 0.0375 0.03515625
0 0.4796875 0.62265625 0.0140625 0.02421875
0 0.49765625 0.6234375 0.01953125 0.02421875
0 0.51875 0.41171875 0.034375 0.07109375
0 0.53046875 0.41953125 0.0359375 0.0703125
0 0.55546875 0.73125 0.0125 0.02109375
0 0.621875 0.728125 0.01328125 0.02109375
0 0.71015625 0.740625 0.02734375 0.03359375
0 0.8671875 0.8796875 0.02734375 0.0375
0 0.9109375 0.690625 0.00859375 0.01484375