0 0.29140625 0.95078125 0.009375 0.0140625
0 0.3328125 0.9125 0.0125 0.0140625
0 0.33359375 0.8671875 0.0125 0.015625
0 0.36484375 0.89453125 0.0125 0.0140625
0 0.38046875 0.8015625 0.0109375 0.015625
0 0.3890625 0.77890625 0.0140625 0.0234375
0 0.425 0.6359375 0.0125 0.01875
0 0.49765625 0.6859375 0.0265625 0.0375
0 0.53828125 0.6078125 0.0140625 0.015625
0 0.5609375 0.55546875 0.025 0.0265625
0 0.71796875 0.35234375 0.0421875 0.059375
0 0.75078125 0.10078125 0.0109375 0.0171875
0 0.775 0.00703125 0.015625 0.0140625
0 0.81953125 0.04453125 0.0234375 0.0328125
0 0.8328125 0.00546875 0.021875 0.0109375