0 0.12421875 0.93828125 0.0078125 0.01484375
0 0.1421875 0.9390625 0.01328125 0.01640625
0 0.1890625 0.96171875 0.02890625 0.02265625
0 0.1953125 0.8921875 0.00625 0.01328125
0 0.24453125 0.8640625 0.01015625 0.01171875
0 0.25546875 0.8203125 0.01015625 0.0140625
0 0.2796875 0.85390625 0.009375 0.0125
0 0.315625 0.7671875 0.0078125 0.0140625
0 0.32890625 0.746875 0.00859375 0.02265625
0 0.39609375 0.615625 0.009375 0.0171875
0 0.45625 0.68046875 0.01953125 0.034375
0 0.51328125 0.6140625 0.01171875 0.0140625
0 0.546875 0.56796875 0.0203125 0.02265625
0 0.7453125 0.40546875 0.03046875 0.053125
0 0.834375 0.1671875 0.0078125 0.01640625
0 0.87890625 0.08046875 0.01171875 0.015625
0 0.9140625 0.128125 0.01796875 0.02890625
0 0.9375 0.08671875 0.01796875 0.0203125