0 0.03671875 0.60859375 0.0328125 0.0375
0 0.0859375 0.49140625 0.0328125 0.021875
0 0.1546875 0.6109375 0.040625 0.034375
0 0.15 0.61015625 0.0328125 0.0453125
0 0.21015625 0.56875 0.0328125 0.0234375
0 0.3453125 0.46328125 0.03125 0.040625
0 0.39296875 0.56015625 0.0265625 0.040625
0 0.45078125 0.578125 0.0296875 0.0546875
0 0.50859375 0.68046875 0.0484375 0.05625
0 0.515625 0.690625 0.05 0.0578125
0 0.61796875 0.53515625 0.021875 0.0265625
0 0.68671875 0.578125 0.025 0.028125
0 0.675 0.73125 0.0375 0.05
0 0.7328125 0.6734375 0.0265625 0.025
0 0.7609375 0.56875 0.0296875 0.0484375
0 0.771875 0.80625 0.0421875 0.028125