0 0.0734375 0.71015625 0.0265625 0.03203125
0 0.09453125 0.58515625 0.0296875 0.01484375
0 0.18828125 0.6859375 0.0359375 0.02734375
0 0.18359375 0.6859375 0.02421875 0.04140625
0 0.2328125 0.63203125 0.0296875 0.01796875
0 0.34140625 0.49921875 0.0234375 0.03671875
0 0.409375 0.5828125 0.01953125 0.03671875
0 0.46953125 0.5875 0.01796875 0.0515625
0 0.54921875 0.67421875 0.0390625 0.0484375
0 0.5578125 0.68203125 0.0390625 0.05
0 0.62265625 0.5078125 0.0171875 0.02265625
0 0.69921875 0.534375 0.01953125 0.02421875
0 0.72265625 0.6859375 0.028125 0.0453125
0 0.765625 0.61640625 0.0234375 0.01953125
0 0.76953125 0.50859375 0.01953125 0.0453125
0 0.83359375 0.7375 0.0390625 0.0203125