0 0.05390625 0.45 0.0546875 0.0390625
0 0.0671875 0.43203125 0.028125 0.0203125
0 0.1296875 0.42734375 0.0359375 0.025
0 0.140625 0.41953125 0.025 0.01875
0 0.26328125 0.4015625 0.03125 0.01875
0 0.265625 0.38046875 0.0234375 0.0203125
0 0.2875 0.37890625 0.0296875 0.0203125
0 0.30078125 0.4046875 0.05 0.01875
0 0.540625 0.6171875 0.065625 0.05
0 0.5703125 0.5140625 0.0265625 0.028125
0 0.5984375 0.29375 0.0328125 0.028125
0 0.59375 0.53203125 0.040625 0.028125
0 0.62109375 0.28984375 0.0234375 0.0234375
0 0.66875 0.37734375 0.0265625 0.0359375