0 0.0515625 0.4734375 0.05234375 0.0359375
0 0.0640625 0.4546875 0.02734375 0.01875
0 0.1265625 0.446875 0.034375 0.0234375
0 0.13671875 0.43828125 0.0234375 0.0171875
0 0.25859375 0.4140625 0.0296875 0.0171875
0 0.259375 0.39296875 0.02265625 0.01875
0 0.28125 0.38984375 0.02890625 0.01953125
0 0.29609375 0.415625 0.05 0.015625
0 0.546875 0.61484375 0.06328125 0.04609375
0 0.57109375 0.51015625 0.025 0.02734375
0 0.5875 0.2890625 0.03203125 0.02578125
0 0.5953125 0.52734375 0.0390625 0.0265625
0 0.61015625 0.28359375 0.02265625 0.02265625
0 0.66171875 0.36875 0.025 0.034375