0 0.60390625 0.19296875 0.0859375 0.13515625
0 0.10078125 0.2859375 0.04140625 0.11328125
0 0.13671875 0.89765625 0.0875 0.1140625
0 0.12890625 0.45703125 0.05078125 0.05859375
0 0.17734375 0.63984375 0.059375 0.1328125
0 0.26640625 0.43828125 0.09140625 0.09765625
0 0.23828125 0.32109375 0.025 0.09296875
0 0.28203125 0.38828125 0.0140625 0.02890625
0 0.29609375 0.37734375 0.02109375 0.03515625
0 0.35546875 0.96953125 0.0765625 0.0578125
0 0.359375 0.4234375 0.05703125 0.0640625
0 0.4875 0.51484375 0.06328125 0.0640625
0 0.51640625 0.56640625 0.08046875 0.159375
0 0.59765625 0.38203125 0.1015625 0.184375
0 0.74453125 0.70859375 0.0375 0.06640625
0 0.7546875 0.80703125 0.0265625 0.08125
0 0.8203125 0.76328125 0.059375 0.1140625