0 0.5765625 0.18515625 0.096875 0.1421875
0 0.08359375 0.321875 0.0515625 0.1171875
0 0.17265625 0.928125 0.096875 0.121875
0 0.1265625 0.48984375 0.05625 0.0625
0 0.190625 0.6671875 0.0703125 0.1375
0 0.26171875 0.45859375 0.1 0.1046875
0 0.2234375 0.34453125 0.0328125 0.0953125
0 0.2734375 0.4078125 0.0171875 0.0296875
0 0.2859375 0.3953125 0.0234375 0.0375
0 0.396875 0.97421875 0.08125 0.0515625
0 0.353125 0.4359375 0.0625 0.06875
0 0.4890625 0.515625 0.06875 0.06875
0 0.521875 0.56484375 0.09375 0.165625
0 0.58671875 0.37421875 0.1171875 0.1921875
0 0.76171875 0.68671875 0.04375 0.06875
0 0.78046875 0.78359375 0.0328125 0.0828125
0 0.8421875 0.734375 0.06875 0.11875