0 0.0421875 0.3546875 0.0328125 0.040625
0 0.04140625 0.3546875 0.0265625 0.0359375
0 0.03828125 0.6078125 0.0140625 0.0234375
0 0.240625 0.025 0.05625 0.05
0 0.28359375 0.02421875 0.0609375 0.0484375
0 0.32421875 0.02421875 0.0640625 0.0484375
0 0.31953125 0.0765625 0.025 0.034375
0 0.31484375 0.15703125 0.021875 0.034375
0 0.3609375 0.0046875 0.015625 0.009375
0 0.37421875 0.03828125 0.0546875 0.0765625
0 0.2890625 0.4046875 0.01875 0.025
0 0.26953125 0.52890625 0.03125 0.0390625
0 0.421875 0.00859375 0.021875 0.0171875
0 0.40390625 0.1546875 0.0203125 0.025
0 0.37265625 0.31953125 0.0234375 0.040625
0 0.328125 0.5921875 0.0328125 0.04375
0 0.2984375 0.73515625 0.028125 0.0375
0 0.3125 0.73828125 0.0203125 0.034375
0 0.3359375 0.7390625 0.0265625 0.046875
0 0.34375 0.74140625 0.015625 0.0265625
0 0.39609375 0.59296875 0.0265625 0.046875
0 0.40078125 0.58828125 0.0171875 0.040625
0 0.55 0.05625 0.025 0.040625
0 0.4109375 0.753125 0.0203125 0.0234375
0 0.453125 0.59140625 0.0359375 0.0703125
0 0.5671875 0.14375 0.0234375 0.0265625
0 0.6328125 0.22421875 0.0171875 0.0328125
0 0.678125 0.11328125 0.021875 0.0359375
0 0.55703125 0.7828125 0.021875 0.0296875
0 0.74375 0.1234375 0.0234375 0.0328125
0 0.6765625 0.46484375 0.03125 0.0453125
0 0.6890625 0.4375 0.0234375 0.034375
0 0.77109375 0.1828125 0.021875 0.0265625
0 0.76171875 0.22578125 0.01875 0.0203125
0 0.73359375 0.4734375 0.0515625 0.06875
0 0.72421875 0.625 0.0171875 0.0234375
0 0.7734375 0.55234375 0.0296875 0.04375
0 0.8828125 0.159375 0.0234375 0.03125
0 0.809375 0.57265625 0.03125 0.034375
0 0.84453125 0.628125 0.01875 0.021875
0 0.94375 0.68515625 0.021875 0.0359375