0 0.02109375 0.46171875 0.02578125 0.0359375
0 0.0203125 0.46171875 0.0203125 0.0328125
0 0.07421875 0.70859375 0.009375 0.02265625
0 0.12890625 0.046875 0.0359375 0.09375
0 0.17734375 0.0640625 0.04296875 0.08515625
0 0.21484375 0.04453125 0.0453125 0.08828125
0 0.22890625 0.128125 0.01796875 0.03125
0 0.2421875 0.2078125 0.015625 0.03125
0 0.24375 0.009375 0.01171875 0.01796875
0 0.27421875 0.07734375 0.03984375 0.0703125
0 0.2734375 0.4546875 0.01328125 0.02265625
0 0.28203125 0.5796875 0.02421875 0.034375
0 0.31171875 0.03125 0.015625 0.0296875
0 0.32890625 0.18515625 0.015625 0.02265625
0 0.33515625 0.353125 0.01484375 0.0375
0 0.353125 0.628125 0.02421875 0.0390625
0 0.35625 0.77421875 0.02109375 0.034375
0 0.37109375 0.77421875 0.0140625 0.03125
0 0.39375 0.76953125 0.0171875 0.04375
0 0.40234375 0.7703125 0.0109375 0.02421875
0 0.41953125 0.6140625 0.0171875 0.04375
0 0.4234375 0.60859375 0.009375 0.0390625
0 0.44921875 0.05625 0.0171875 0.0375
0 0.4703125 0.76640625 0.015625 0.02109375
0 0.475 0.59921875 0.021875 0.0671875
0 0.48515625 0.1375 0.01875 0.02265625
0 0.5671875 0.2015625 0.0109375 0.03125
0 0.58671875 0.0828125 0.01484375 0.0328125
0 0.61875 0.7625 0.0171875 0.02578125
0 0.653125 0.078125 0.0171875 0.0296875
0 0.6640625 0.42578125 0.021875 0.0421875
0 0.6703125 0.396875 0.0171875 0.03125
0 0.69296875 0.1296875 0.01796875 0.02265625
0 0.69375 0.17421875 0.01484375 0.01796875
0 0.721875 0.421875 0.0390625 0.06171875
0 0.746875 0.57109375 0.01328125 0.02109375
0 0.778125 0.48984375 0.021875 0.040625
0 0.79609375 0.08203125 0.01796875 0.028125
0 0.81796875 0.50078125 0.02578125 0.0296875
0 0.86484375 0.54765625 0.0140625 0.01953125
0 0.9609375 0.2171875 0.01796875 0.02421875
0 0.97421875 0.58046875 0.01484375 0.0328125