0 0.04140625 0.490625 0.0140625 0.01953125
0 0.10234375 0.77109375 0.0125 0.03125
0 0.10703125 0.4828125 0.0140625 0.01484375
0 0.2328125 0.8796875 0.0578125 0.07890625
0 0.26171875 0.86875 0.0296875 0.0828125
0 0.39453125 0.4828125 0.0078125 0.009375
0 0.43671875 0.496875 0.0078125 0.0078125
0 0.475 0.49765625 0.00859375 0.01328125
0 0.5046875 0.4875 0.0078125 0.0109375
0 0.546875 0.49453125 0.0078125 0.0109375
0 0.6234375 0.671875 0.01171875 0.0171875
0 0.73671875 0.54375 0.015625 0.021875
0 0.75625 0.53828125 0.0140625 0.01796875
0 0.76796875 0.71171875 0.0109375 0.01875
0 0.91484375 0.746875 0.01796875 0.028125
0 0.97578125 0.55703125 0.00859375 0.01875