0 0.95390625 0.43515625 0.015625 0.021875
0 0.92734375 0.7203125 0.015625 0.0328125
0 0.88828125 0.43515625 0.015625 0.0171875
0 0.81171875 0.84453125 0.0671875 0.0859375
0 0.78125 0.83671875 0.0390625 0.0859375
0 0.60234375 0.4703125 0.009375 0.0109375
0 0.5625 0.4890625 0.009375 0.009375
0 0.52421875 0.49453125 0.009375 0.0140625
0 0.49375 0.48828125 0.009375 0.0125
0 0.453125 0.5 0.009375 0.0125
0 0.3984375 0.6859375 0.0140625 0.01875
0 0.2703125 0.57265625 0.01875 0.0234375
0 0.25 0.56953125 0.015625 0.0203125
0 0.26015625 0.74296875 0.0125 0.0203125
0 0.11796875 0.7953125 0.021875 0.0296875
0 0.034375 0.61484375 0.0109375 0.0203125