0 0.77109375 0.86953125 0.08515625 0.20234375
0 0.31875 0.959375 0.07109375 0.07734375
0 0.36875 0.68203125 0.04375 0.04375
0 0.43125 0.32265625 0.028125 0.03359375
0 0.43984375 0.378125 0.02421875 0.03359375
0 0.55078125 0.94609375 0.0859375 0.10546875
0 0.53828125 0.31875 0.02734375 0.03671875
0 0.53671875 0.65859375 0.0203125 0.05234375
0 0.5984375 0.35234375 0.03046875 0.03046875
0 0.61484375 0.390625 0.03125 0.04375
0 0.6375 0.45703125 0.01640625 0.0234375
0 0.72578125 0.62109375 0.06171875 0.07890625
0 0.95078125 0.48828125 0.028125 0.03359375