0 0.109375 0.65859375 0.02421875 0.046875
0 0.19375 0.54609375 0.01796875 0.046875
0 0.43359375 0.65390625 0.0171875 0.034375
0 0.53984375 0.66328125 0.02890625 0.05546875
0 0.63125 0.66796875 0.02421875 0.05703125
0 0.6828125 0.56484375 0.01953125 0.03359375
0 0.703125 0.5265625 0.028125 0.03046875
0 0.746875 0.578125 0.04140625 0.059375
0 0.73828125 0.66171875 0.0171875 0.02421875
0 0.7859375 0.4921875 0.0140625 0.02109375
0 0.87890625 0.571875 0.0453125 0.05703125
0 0.94453125 0.5984375 0.0390625 0.0625
0 0.99140625 0.56875 0.01640625 0.0359375