0 0.88203125 0.67890625 0.0265625 0.0484375
0 0.803125 0.56171875 0.0203125 0.0484375
0 0.55859375 0.65703125 0.01875 0.0359375
0 0.4515625 0.6609375 0.03125 0.05625
0 0.36015625 0.6609375 0.0265625 0.0578125
0 0.3140625 0.55546875 0.021875 0.034375
0 0.29609375 0.515625 0.0296875 0.03125
0 0.24921875 0.56484375 0.04375 0.0609375
0 0.25390625 0.64921875 0.01875 0.025
0 0.21484375 0.47734375 0.015625 0.021875
0 0.11796875 0.5515625 0.0484375 0.059375
0 0.05078125 0.575 0.0421875 0.0640625
0 0.00703125 0.5421875 0.0140625 0.0375