0 0.44765625 0.31640625 0.0671875 0.13671875
0 0.05078125 0.1359375 0.1015625 0.109375
0 0.1421875 0.18046875 0.06875 0.11875
0 0.24296875 0.25390625 0.08984375 0.134375
0 0.3234375 0.2265625 0.07109375 0.13046875
0 0.4984375 0.80703125 0.1171875 0.2
0 0.49375 0.8171875 0.078125 0.20859375
0 0.53203125 0.4921875 0.06484375 0.18515625
0 0.534375 0.31171875 0.0703125 0.103125
0 0.5765625 0.8328125 0.0484375 0.13828125
0 0.6234375 0.56953125 0.04375 0.0984375
0 0.821875 0.20546875 0.03046875 0.065625