0 0.0734375 0.228125 0.0234375 0.03828125
0 0.10078125 0.23203125 0.0265625 0.040625
0 0.384375 0.2109375 0.01953125 0.025
0 0.41171875 0.32890625 0.0109375 0.03125
0 0.46171875 0.5453125 0.03359375 0.06015625
0 0.49609375 0.6375 0.028125 0.059375
0 0.55078125 0.42109375 0.0421875 0.046875
0 0.60859375 0.3875 0.0140625 0.02421875
0 0.7015625 0.265625 0.021875 0.02265625
0 0.703125 0.284375 0.0140625 0.02734375
0 0.72265625 0.52734375 0.0328125 0.06953125
0 0.74765625 0.29296875 0.021875 0.025
0 0.76875 0.31171875 0.0234375 0.034375
0 0.9078125 0.35390625 0.01640625 0.02734375