0 0.9015625 0.1921875 0.0265625 0.040625
0 0.87421875 0.1984375 0.0296875 0.0421875
0 0.58984375 0.20234375 0.021875 0.0265625
0 0.57265625 0.321875 0.0140625 0.0328125
0 0.5421875 0.5421875 0.0390625 0.0625
0 0.515625 0.63671875 0.0328125 0.0609375
0 0.4421875 0.42578125 0.046875 0.05
0 0.38203125 0.39765625 0.015625 0.025
0 0.27890625 0.284375 0.0234375 0.025
0 0.27890625 0.303125 0.015625 0.028125
0 0.28046875 0.546875 0.0390625 0.071875
0 0.23515625 0.315625 0.0234375 0.0265625
0 0.215625 0.3359375 0.0265625 0.0359375
0 0.08125 0.38984375 0.01875 0.028125