0 0.35703125 0.390625 0.025 0.0265625
0 0.35859375 0.4421875 0.021875 0.0265625
0 0.3875 0.5375 0.0375 0.04375
0 0.384375 0.56875 0.0359375 0.040625
0 0.40703125 0.38671875 0.0296875 0.03125
0 0.42421875 0.55078125 0.028125 0.028125
0 0.5125 0.3765625 0.0140625 0.0296875
0 0.53984375 0.4015625 0.0125 0.0125
0 0.5578125 0.28828125 0.0140625 0.0125
0 0.5640625 0.4125 0.0234375 0.0265625
0 0.58359375 0.27578125 0.0109375 0.0109375
0 0.61875 0.3515625 0.0109375 0.025
0 0.634375 0.3515625 0.015625 0.01875
0 0.6140625 0.59375 0.0328125 0.0546875
0 0.64921875 0.27421875 0.009375 0.0140625
0 0.6546875 0.55859375 0.0296875 0.0484375
0 0.703125 0.39609375 0.04375 0.046875
0 0.6765625 0.5734375 0.0328125 0.0515625
0 0.88203125 0.34453125 0.0171875 0.0171875
0 0.878125 0.43359375 0.015625 0.028125
0 0.85390625 0.9546875 0.1046875 0.090625
0 0.89453125 0.47578125 0.0265625 0.0140625