0 0.34453125 0.40859375 0.02265625 0.02421875
0 0.35234375 0.46015625 0.01953125 0.02421875
0 0.39296875 0.55078125 0.0328125 0.03984375
0 0.39375 0.58203125 0.03203125 0.03671875
0 0.39375 0.39921875 0.02578125 0.02890625
0 0.43125 0.559375 0.02578125 0.02578125
0 0.49765625 0.37578125 0.01015625 0.02890625
0 0.52734375 0.39765625 0.0109375 0.01171875
0 0.53125 0.2828125 0.01328125 0.0109375
0 0.553125 0.40546875 0.0203125 0.02421875
0 0.55546875 0.2671875 0.01015625 0.01015625
0 0.6 0.33828125 0.00859375 0.02421875
0 0.615625 0.3359375 0.0140625 0.0171875
0 0.625 0.57890625 0.0265625 0.0515625
0 0.6203125 0.2578125 0.0078125 0.0125
0 0.6609375 0.5390625 0.02421875 0.04609375
0 0.6890625 0.371875 0.0390625 0.04296875
0 0.684375 0.5515625 0.0265625 0.0484375
0 0.86015625 0.29921875 0.015625 0.015625
0 0.8671875 0.38828125 0.0125 0.02734375
0 0.91015625 0.9296875 0.090625 0.125
0 0.88828125 0.428125 0.025 0.01171875