0 0.2203125 0.171875 0.028125 0.0265625
0 0.22109375 0.1578125 0.0171875 0.009375
0 0.22109375 0.109375 0.0171875 0.015625
0 0.2421875 0.17265625 0.0234375 0.015625
0 0.23984375 0.18671875 0.009375 0.015625
0 0.3015625 0.22734375 0.025 0.0140625
0 0.3140625 0.23984375 0.0359375 0.025
0 0.415625 0.515625 0.0609375 0.0609375
0 0.4515625 0.6375 0.075 0.096875
0 0.3953125 0.075 0.0140625 0.0171875
0 0.54375 0.60234375 0.053125 0.1109375
0 0.53515625 0.10390625 0.015625 0.0171875
0 0.54765625 0.10234375 0.0109375 0.01875
0 0.55703125 0.0265625 0.0171875 0.0265625
0 0.62578125 0.39453125 0.0625 0.0921875
0 0.62265625 0.1 0.0140625 0.0234375
0 0.64609375 0.03828125 0.0171875 0.028125
0 0.82265625 0.13984375 0.0171875 0.021875
0 0.93125 0.1765625 0.0296875 0.0375