0 0.25625 0.14453125 0.025 0.02421875
0 0.25859375 0.13046875 0.01640625 0.00703125
0 0.26328125 0.08203125 0.015625 0.01484375
0 0.278125 0.14765625 0.02265625 0.0140625
0 0.27421875 0.1609375 0.00859375 0.01484375
0 0.33125 0.2078125 0.0234375 0.01171875
0 0.3421875 0.221875 0.03359375 0.02109375
0 0.4140625 0.50703125 0.05546875 0.0546875
0 0.4375 0.63203125 0.06640625 0.08984375
0 0.440625 0.06640625 0.01328125 0.015625
0 0.5328125 0.60625 0.04140625 0.1078125
0 0.5765625 0.11015625 0.0140625 0.01640625
0 0.5890625 0.109375 0.00859375 0.01796875
0 0.60625 0.03515625 0.0140625 0.02578125
0 0.6359375 0.40859375 0.05390625 0.08671875
0 0.6640625 0.11484375 0.0125 0.02265625
0 0.69375 0.05625 0.0140625 0.02734375
0 0.85859375 0.17578125 0.01484375 0.02109375
0 0.9625 0.2234375 0.02578125 0.034375