0 0.58203125 0.56953125 0.0625 0.09375
0 0.146875 0.23671875 0.040625 0.0828125
0 0.1671875 0.50234375 0.034375 0.103125
0 0.28046875 0.35859375 0.0359375 0.103125
0 0.29296875 0.53203125 0.034375 0.1140625
0 0.33671875 0.81875 0.0296875 0.046875
0 0.37890625 0.2015625 0.0375 0.078125
0 0.38828125 0.63515625 0.015625 0.0609375
0 0.44921875 0.40625 0.034375 0.09375
0 0.45 0.6671875 0.034375 0.0875
0 0.528125 0.503125 0.0328125 0.075
0 0.63515625 0.18046875 0.0359375 0.090625
0 0.6140625 0.83203125 0.0375 0.046875
0 0.66484375 0.29453125 0.0296875 0.0984375
0 0.70703125 0.8453125 0.0359375 0.0734375
0 0.74140625 0.2578125 0.040625 0.10625
0 0.828125 0.1640625 0.0296875 0.0671875
0 0.85 0.2703125 0.0359375 0.096875
0 0.9 0.5640625 0.0453125 0.11875