0 0.584375 0.56640625 0.05859375 0.0921875
0 0.13828125 0.24921875 0.0375 0.08125
0 0.1671875 0.5140625 0.03125 0.10234375
0 0.27578125 0.36640625 0.0328125 0.10234375
0 0.29453125 0.5390625 0.0296875 0.11328125
0 0.34765625 0.82421875 0.028125 0.0453125
0 0.36875 0.20625 0.03515625 0.0765625
0 0.39296875 0.6390625 0.0140625 0.06015625
0 0.44609375 0.4078125 0.03125 0.09296875
0 0.45625 0.66875 0.03203125 0.08671875
0 0.528125 0.50234375 0.0296875 0.0734375
0 0.62421875 0.17578125 0.03359375 0.0890625
0 0.62578125 0.828125 0.0359375 0.0453125
0 0.6578125 0.2890625 0.02578125 0.09765625
0 0.71875 0.8375 0.0328125 0.071875
0 0.7328125 0.24921875 0.0375 0.10546875
0 0.81640625 0.153125 0.028125 0.065625
0 0.84140625 0.25859375 0.03203125 0.0953125
0 0.90234375 0.55 0.04140625 0.11796875