0 0.73671875 0.659375 0.109375 0.1203125
0 0.11015625 0.47109375 0.0328125 0.075
0 0.12734375 0.42890625 0.0609375 0.065625
0 0.190625 0.6828125 0.059375 0.08125
0 0.23984375 0.6609375 0.0546875 0.0875
0 0.23828125 0.5453125 0.065625 0.075
0 0.25625 0.63671875 0.0546875 0.078125
0 0.30078125 0.6171875 0.0953125 0.090625
0 0.41015625 0.67109375 0.05625 0.0953125
0 0.44609375 0.63359375 0.0890625 0.09375
0 0.52265625 0.70390625 0.1 0.084375
0 0.52890625 0.24453125 0.03125 0.04375
0 0.54453125 0.259375 0.0453125 0.0546875
0 0.65859375 0.575 0.078125 0.0953125
0 0.8703125 0.3890625 0.0484375 0.0515625
0 0.896875 0.27421875 0.0390625 0.04375