0 0.7125 0.690625 0.09453125 0.1078125
0 0.11796875 0.4171875 0.0234375 0.071875
0 0.140625 0.37734375 0.05390625 0.05859375
0 0.16796875 0.63828125 0.05 0.07578125
0 0.2203125 0.6234375 0.04375 0.08203125
0 0.234375 0.50859375 0.05703125 0.0671875
0 0.23984375 0.6015625 0.0453125 0.071875
0 0.28671875 0.58828125 0.084375 0.0796875
0 0.3875 0.65703125 0.04453125 0.08984375
0 0.428125 0.625 0.078125 0.084375
0 0.49375 0.7046875 0.090625 0.071875
0 0.5640625 0.25078125 0.0265625 0.040625
0 0.57734375 0.26796875 0.0390625 0.05
0 0.646875 0.59609375 0.0671875 0.08671875
0 0.88203125 0.44140625 0.0421875 0.04609375
0 0.92421875 0.33125 0.034375 0.0390625