0 0.053125 0.503125 0.0328125 0.040625
0 0.06875 0.50859375 0.028125 0.01796875
0 0.078125 0.8890625 0.0359375 0.06640625
0 0.1 0.91484375 0.04140625 0.0875
0 0.10703125 0.359375 0.01796875 0.01953125
0 0.14296875 0.69375 0.0390625 0.06953125
0 0.159375 0.5140625 0.0390625 0.04375
0 0.17890625 0.509375 0.03046875 0.034375
0 0.21328125 0.86953125 0.03828125 0.03203125
0 0.215625 0.6484375 0.034375 0.0671875
0 0.2265625 0.646875 0.04140625 0.0671875
0 0.25703125 0.7 0.04375 0.0640625
0 0.2546875 0.23671875 0.02578125 0.03828125
0 0.2890625 0.4171875 0.04375 0.06171875
0 0.303125 0.534375 0.02421875 0.0421875
0 0.3125 0.07265625 0.0234375 0.0328125
0 0.3328125 0.19921875 0.0203125 0.040625
0 0.35546875 0.66484375 0.03671875 0.06484375
0 0.34921875 0.37890625 0.02265625 0.02265625
0 0.384375 0.28984375 0.02421875 0.034375
0 0.4109375 0.8515625 0.06171875 0.053125
0 0.4015625 0.65 0.0296875 0.03125
0 0.428125 0.85078125 0.0703125 0.05546875
0 0.440625 0.5203125 0.028125 0.03828125
0 0.4796875 0.5546875 0.0421875 0.06015625
0 0.53125 0.15859375 0.02578125 0.02890625
0 0.53984375 0.1609375 0.01953125 0.021875
0 0.54296875 0.275 0.02578125 0.0125
0 0.565625 0.659375 0.034375 0.0609375
0 0.58515625 0.52734375 0.01796875 0.028125
0 0.6421875 0.3796875 0.03203125 0.0203125
0 0.64375 0.390625 0.034375 0.034375
0 0.659375 0.89765625 0.05390625 0.05703125
0 0.68203125 0.71015625 0.03515625 0.0640625
0 0.6875 0.3921875 0.0296875 0.04609375
0 0.72734375 0.07890625 0.02578125 0.0421875
0 0.72578125 0.32890625 0.0203125 0.0265625
0 0.75703125 0.33203125 0.0265625 0.03203125
0 0.7921875 0.20234375 0.02421875 0.03828125
0 0.825 0.85546875 0.02421875 0.06875
0 0.87421875 0.61796875 0.0390625 0.05546875
0 0.89921875 0.61328125 0.0328125 0.05703125
0 0.98125 0.64375 0.0359375 0.046875
0 0.99296875 0.63515625 0.01328125 0.03671875