0 0.059375 0.42578125 0.0390625 0.0453125
0 0.0734375 0.43359375 0.03125 0.021875
0 0.0203125 0.809375 0.040625 0.071875
0 0.034375 0.8390625 0.05625 0.09375
0 0.1375 0.29296875 0.0203125 0.021875
0 0.11484375 0.62890625 0.05 0.075
0 0.16171875 0.4546875 0.0453125 0.05
0 0.18203125 0.453125 0.0359375 0.0390625
0 0.153125 0.8140625 0.04375 0.0375
0 0.19453125 0.596875 0.0453125 0.071875
0 0.20546875 0.596875 0.053125 0.0734375
0 0.22578125 0.6546875 0.0546875 0.0703125
0 0.30390625 0.1984375 0.0328125 0.0421875
0 0.30703125 0.38203125 0.053125 0.06875
0 0.3 0.5 0.03125 0.0453125
0 0.38984375 0.046875 0.028125 0.0359375
0 0.3875 0.175 0.0265625 0.04375
0 0.32890625 0.6375 0.046875 0.0703125
0 0.37265625 0.3546875 0.0265625 0.0265625
0 0.42265625 0.27265625 0.0296875 0.0375
0 0.3515625 0.83046875 0.0703125 0.0625
0 0.37734375 0.63046875 0.034375 0.0359375
0 0.36796875 0.8328125 0.078125 0.0671875
0 0.43828125 0.509375 0.034375 0.0421875
0 0.4703125 0.55 0.0515625 0.0671875
0 0.58984375 0.16953125 0.0296875 0.0328125
0 0.5984375 0.17265625 0.0234375 0.025
0 0.58125 0.2859375 0.028125 0.0171875
0 0.53671875 0.66796875 0.04375 0.065625
0 0.57890625 0.54140625 0.021875 0.03125
0 0.6609375 0.40625 0.034375 0.025
0 0.6609375 0.4171875 0.0390625 0.0390625
0 0.58828125 0.91953125 0.0625 0.065625
0 0.64296875 0.73828125 0.0453125 0.06875
0 0.703125 0.4265625 0.0375 0.05
0 0.796875 0.125 0.0328125 0.0453125
0 0.75234375 0.37109375 0.025 0.0296875
0 0.78203125 0.37890625 0.03125 0.0359375
0 0.8390625 0.2578125 0.03125 0.0421875
0 0.75859375 0.90625 0.0359375 0.071875
0 0.8484375 0.68125 0.0484375 0.0609375
0 0.8734375 0.68125 0.0421875 0.0625
0 0.94921875 0.725 0.04375 0.053125
0 0.96171875 0.71875 0.01875 0.0390625