0 0.871875 0.80859375 0.25625 0.2328125
0 0.92421875 0.20625 0.0390625 0.03125
0 0.96953125 0.41015625 0.0546875 0.053125
0 0.865625 0.10234375 0.0203125 0.0171875
0 0.8671875 0.26796875 0.0734375 0.0421875
0 0.84609375 0.45703125 0.16875 0.09375
0 0.8421875 0.284375 0.0578125 0.0375
0 0.66484375 0.15625 0.0328125 0.0265625
0 0.63359375 0.49921875 0.178125 0.08125
0 0.62578125 0.471875 0.115625 0.0515625
0 0.54765625 0.22109375 0.0171875 0.0203125
0 0.46015625 0.8078125 0.2609375 0.1859375
0 0.421875 0.30390625 0.0234375 0.021875
0 0.384375 0.30546875 0.0421875 0.0296875
0 0.35625 0.31875 0.0375 0.0265625
0 0.2296875 0.8203125 0.2953125 0.29375
0 0.04921875 0.4328125 0.0375 0.03125
0 0.00625 0.42734375 0.0125 0.0171875