0 0.17890625 0.8984375 0.29609375 0.16640625
0 0.0171875 0.31796875 0.034375 0.0234375
0 0.02265625 0.5265625 0.0453125 0.04296875
0 0.04921875 0.20234375 0.01796875 0.0125
0 0.0875 0.3640625 0.06953125 0.0265625
0 0.15390625 0.5421875 0.159375 0.05625
0 0.115625 0.3734375 0.053125 0.02578125
0 0.25703125 0.20625 0.028125 0.0203125
0 0.3703125 0.53125 0.17265625 0.04140625
0 0.37109375 0.503125 0.1125 0.02578125
0 0.3859375 0.240625 0.01328125 0.0171875
0 0.61328125 0.7890625 0.23515625 0.1328125
0 0.528125 0.290625 0.0203125 0.0171875
0 0.56484375 0.28359375 0.03828125 0.0203125
0 0.5953125 0.2890625 0.03359375 0.01875
0 0.83984375 0.7453125 0.24375 0.24140625
0 0.92109375 0.32578125 0.03359375 0.0234375
0 0.9875 0.3046875 0.02265625 0.0125