0 0.01171875 0.4296875 0.01953125 0.04375
0 0.03359375 0.46328125 0.021875 0.0421875
0 0.0390625 0.5296875 0.0140625 0.02421875
0 0.11875 0.525 0.0125 0.02265625
0 0.128125 0.525 0.01171875 0.01875
0 0.1921875 0.5515625 0.0140625 0.01953125
0 0.23984375 0.56015625 0.0171875 0.0203125
0 0.3625 0.590625 0.021875 0.03828125
0 0.3859375 0.54453125 0.01953125 0.04375
0 0.440625 0.54296875 0.02421875 0.02890625
0 0.47421875 0.53984375 0.01640625 0.03046875
0 0.8234375 0.52734375 0.0796875 0.13984375
0 0.875 0.5796875 0.01796875 0.03984375