0 0.01796875 0.39609375 0.021875 0.0453125
0 0.0375 0.43046875 0.025 0.04375
0 0.03828125 0.49765625 0.015625 0.025
0 0.11796875 0.4984375 0.0140625 0.0234375
0 0.12734375 0.49921875 0.0125 0.01875
0 0.1890625 0.5296875 0.015625 0.0203125
0 0.2359375 0.5421875 0.01875 0.021875
0 0.35625 0.58046875 0.025 0.0390625
0 0.3828125 0.53671875 0.021875 0.0453125
0 0.4375 0.5390625 0.0265625 0.03125
0 0.471875 0.53828125 0.01875 0.03125
0 0.82109375 0.55 0.0890625 0.1453125
0 0.86875 0.60546875 0.0203125 0.040625