0 0.85859375 0.728125 0.04375 0.0578125
0 0.81875 0.7140625 0.0421875 0.0484375
0 0.8609375 0.5140625 0.034375 0.04375
0 0.7109375 0.47265625 0.025 0.025
0 0.65390625 0.38984375 0.03125 0.0390625
0 0.63203125 0.4140625 0.028125 0.034375
0 0.46796875 0.75703125 0.0703125 0.0734375
0 0.365625 0.72890625 0.071875 0.09375
0 0.40546875 0.35390625 0.0453125 0.0625
0 0.40546875 0.3546875 0.0375 0.0546875
0 0.31875 0.3390625 0.0234375 0.03125
0 0.271875 0.5015625 0.025 0.03125
0 0.30234375 0.3375 0.021875 0.0234375
0 0.19765625 0.46953125 0.0265625 0.025
0 0.0546875 0.87421875 0.09375 0.084375
0 0.18203125 0.45234375 0.0234375 0.028125
0 0.221875 0.2703125 0.0265625 0.0328125
0 0.15078125 0.334375 0.025 0.0234375
0 0.03203125 0.79375 0.0578125 0.0671875
0 0.0734375 0.26484375 0.025 0.0296875
0 0.05625 0.2625 0.01875 0.028125