0 0.09921875 0.64140625 0.0328125 0.0515625
0 0.14140625 0.63671875 0.03359375 0.0421875
0 0.1453125 0.4328125 0.0265625 0.03828125
0 0.30078125 0.42578125 0.0203125 0.0203125
0 0.375 0.3578125 0.0234375 0.034375
0 0.390625 0.38671875 0.021875 0.0296875
0 0.4734375 0.7578125 0.05859375 0.06171875
0 0.5796875 0.753125 0.0546875 0.0828125
0 0.625 0.37890625 0.0328125 0.05625
0 0.625 0.3796875 0.0265625 0.05078125
0 0.7125 0.38359375 0.0171875 0.028125
0 0.721875 0.553125 0.01953125 0.02734375
0 0.72890625 0.3859375 0.01796875 0.0203125
0 0.8015625 0.53828125 0.021875 0.0203125
0 0.85 0.96484375 0.0796875 0.06875
0 0.8203125 0.525 0.01875 0.025
0 0.82265625 0.3390625 0.0203125 0.02890625
0 0.87734375 0.4171875 0.021875 0.01875
0 0.88984375 0.89140625 0.04609375 0.0578125
0 0.96875 0.3671875 0.0203125 0.025
0 0.9859375 0.36875 0.0140625 0.025