0 0.934375 0.73203125 0.12109375 0.17109375
0 0.2140625 0.8734375 0.1015625 0.12890625
0 0.20234375 0.5015625 0.03828125 0.0546875
0 0.2296875 0.72890625 0.07578125 0.0765625
0 0.234375 0.49375 0.0765625 0.134375
0 0.28984375 0.4375 0.03203125 0.04375
0 0.35625 0.52578125 0.034375 0.0703125
0 0.4109375 0.49140625 0.040625 0.05546875
0 0.45 0.634375 0.0265625 0.08046875
0 0.540625 0.646875 0.0265625 0.059375
0 0.56015625 0.6921875 0.03671875 0.084375
0 0.70546875 0.59453125 0.06875 0.0828125
0 0.721875 0.64296875 0.0703125 0.0625
0 0.7328125 0.3015625 0.0453125 0.10390625
0 0.89296875 0.5953125 0.1328125 0.1359375