0 0.06015625 0.715625 0.1203125 0.175
0 0.77265625 0.8828125 0.10625 0.1328125
0 0.79765625 0.51171875 0.040625 0.05625
0 0.7625 0.73828125 0.078125 0.0796875
0 0.765625 0.503125 0.08125 0.1375
0 0.7125 0.44453125 0.0328125 0.0453125
0 0.64296875 0.53046875 0.0375 0.071875
0 0.5890625 0.49453125 0.0421875 0.05625
0 0.5453125 0.6359375 0.0296875 0.08125
0 0.45390625 0.6453125 0.028125 0.0609375
0 0.4328125 0.68984375 0.0390625 0.0859375
0 0.29140625 0.5875 0.071875 0.0859375
0 0.2734375 0.63515625 0.071875 0.065625
0 0.27421875 0.29375 0.0484375 0.1046875
0 0.10390625 0.58125 0.1375 0.140625