0 0.98984375 0.44296875 0.0203125 0.0546875
0 0.92421875 0.521875 0.015625 0.028125
0 0.89375 0.484375 0.0234375 0.0296875
0 0.86796875 0.48125 0.0171875 0.0453125
0 0.8390625 0.4390625 0.0265625 0.0328125
0 0.82109375 0.23359375 0.0140625 0.025
0 0.8171875 0.4265625 0.0140625 0.040625
0 0.75703125 0.284375 0.0125 0.0109375
0 0.73828125 0.4421875 0.0203125 0.0390625
0 0.70234375 0.42890625 0.0171875 0.0421875
0 0.67109375 0.46484375 0.01875 0.0453125
0 0.6609375 0.44921875 0.0203125 0.0453125
0 0.653125 0.41796875 0.0125 0.0140625
0 0.634375 0.45546875 0.0265625 0.0375
0 0.57578125 0.44453125 0.0171875 0.046875
0 0.553125 0.465625 0.0109375 0.028125
0 0.496875 0.45 0.0171875 0.0359375
0 0.48359375 0.44375 0.0171875 0.03125
0 0.46484375 0.48046875 0.01875 0.05625
0 0.35703125 0.4046875 0.0296875 0.05625
0 0.31484375 0.4234375 0.0203125 0.0171875
0 0.29765625 0.47734375 0.0375 0.09375
0 0.28515625 0.4296875 0.034375 0.0609375
0 0.22109375 0.415625 0.0265625 0.0546875
0 0.19921875 0.44453125 0.0234375 0.0328125
0 0.1703125 0.31640625 0.0484375 0.09375
0 0.071875 0.4140625 0.0359375 0.0640625
0 0.02265625 0.3890625 0.034375 0.046875