0 0.009375 0.4515625 0.01875 0.05390625
0 0.0765625 0.52890625 0.015625 0.02734375
0 0.10625 0.49140625 0.0234375 0.02890625
0 0.13203125 0.4875 0.0171875 0.04453125
0 0.16015625 0.4453125 0.0265625 0.0328125
0 0.17421875 0.2390625 0.0140625 0.02421875
0 0.18125 0.43203125 0.0140625 0.040625
0 0.2390625 0.2890625 0.01171875 0.01015625
0 0.2609375 0.44609375 0.0203125 0.03828125
0 0.29609375 0.4328125 0.01640625 0.0421875
0 0.328125 0.46796875 0.0171875 0.0453125
0 0.33828125 0.45234375 0.01953125 0.04453125
0 0.3453125 0.4203125 0.0125 0.01328125
0 0.36484375 0.4578125 0.02578125 0.03671875
0 0.4234375 0.44609375 0.01640625 0.04609375
0 0.44609375 0.46640625 0.0109375 0.028125
0 0.50234375 0.45 0.01640625 0.03515625
0 0.515625 0.44375 0.0171875 0.03125
0 0.53515625 0.4796875 0.01796875 0.05546875
0 0.64140625 0.40234375 0.028125 0.05546875
0 0.68359375 0.4203125 0.0203125 0.0171875
0 0.7015625 0.4734375 0.0359375 0.09375
0 0.71328125 0.42578125 0.0328125 0.06015625
0 0.77734375 0.4109375 0.02578125 0.05390625
0 0.8 0.4390625 0.0234375 0.0328125
0 0.8265625 0.3109375 0.04609375 0.0921875
0 0.9265625 0.40625 0.034375 0.06328125
0 0.975 0.38046875 0.0328125 0.04609375