0 0.0453125 0.78203125 0.0140625 0.02109375
0 0.3125 0.89375 0.01953125 0.02265625
0 0.35625 0.7125 0.0109375 0.01796875
0 0.3640625 0.7109375 0.00859375 0.01796875
0 0.43828125 0.6890625 0.01796875 0.02578125
0 0.4625 0.8109375 0.00859375 0.01796875
0 0.49609375 0.71328125 0.01953125 0.02265625
0 0.50234375 0.76640625 0.02265625 0.065625
0 0.63671875 0.728125 0.02265625 0.0359375
0 0.6484375 0.82265625 0.0140625 0.01953125
0 0.66875 0.7734375 0.03046875 0.059375
0 0.8296875 0.9421875 0.0296875 0.09296875