0 0.1921875 0.409375 0.0265625 0.03671875
0 0.19375 0.66484375 0.01484375 0.03515625
0 0.23203125 0.43515625 0.01875 0.03125
0 0.2515625 0.440625 0.00859375 0.0234375
0 0.25625 0.16875 0.01484375 0.028125
0 0.2984375 0.16328125 0.01484375 0.0265625
0 0.3 0.63125 0.0125 0.028125
0 0.3671875 0.1578125 0.0171875 0.01640625
0 0.38984375 0.59375 0.01484375 0.0296875
0 0.41875 0.15625 0.01484375 0.0203125
0 0.459375 0.15078125 0.0140625 0.021875
0 0.47265625 0.56171875 0.0125 0.025
0 0.50234375 0.1484375 0.01484375 0.0234375
0 0.54140625 0.13984375 0.01484375 0.01640625
0 0.59296875 0.13515625 0.0140625 0.0203125
0 0.61796875 0.13125 0.0109375 0.01640625
0 0.6609375 0.12734375 0.01015625 0.01484375
0 0.69296875 0.12421875 0.0109375 0.01484375
0 0.7203125 0.12109375 0.0109375 0.01640625
0 0.746875 0.1234375 0.00859375 0.01328125
0 0.7828125 0.265625 0.0140625 0.03515625
0 0.97421875 0.36171875 0.0265625 0.03828125