0 0.18359375 0.44765625 0.03125 0.0390625
0 0.21640625 0.70078125 0.01875 0.0359375
0 0.22578125 0.46796875 0.021875 0.0328125
0 0.24609375 0.47109375 0.0109375 0.025
0 0.21796875 0.20078125 0.01875 0.0296875
0 0.25859375 0.190625 0.01875 0.028125
0 0.3171875 0.6546875 0.015625 0.0296875
0 0.3265625 0.1765625 0.01875 0.01875
0 0.40234375 0.60625 0.01875 0.03125
0 0.37734375 0.16875 0.0171875 0.021875
0 0.4171875 0.15859375 0.0171875 0.0234375
0 0.48046875 0.56484375 0.015625 0.0265625
0 0.459375 0.15078125 0.0171875 0.025
0 0.496875 0.1375 0.0171875 0.01875
0 0.54765625 0.1265625 0.0171875 0.021875
0 0.571875 0.11953125 0.0125 0.0171875
0 0.6140625 0.11015625 0.0125 0.015625
0 0.64609375 0.103125 0.0125 0.015625
0 0.67265625 0.096875 0.0125 0.0171875
0 0.69921875 0.09609375 0.009375 0.0140625
0 0.75234375 0.2328125 0.01875 0.0359375
0 0.95390625 0.3046875 0.03125 0.040625