0 0.3828125 0.5 0.01640625 0.01484375
0 0.3859375 0.4890625 0.0125 0.0078125
0 0.396875 0.4546875 0.0171875 0.01328125
0 0.41875 0.44453125 0.01171875 0.0234375
0 0.48515625 0.47265625 0.0109375 0.01796875
0 0.51484375 0.4609375 0.0078125 0.0109375
0 0.51875 0.45390625 0.00703125 0.009375
0 0.5296875 0.44765625 0.01015625 0.0109375
0 0.571875 0.49921875 0.009375 0.0078125
0 0.61328125 0.915625 0.04765625 0.06171875
0 0.7546875 0.47421875 0.0078125 0.015625
0 0.7609375 0.475 0.0078125 0.0109375
0 0.7671875 0.4875 0.00859375 0.009375
0 0.7671875 0.5015625 0.01015625 0.01796875
0 0.8515625 0.903125 0.0734375 0.0578125
0 0.83671875 0.4765625 0.0078125 0.01328125
0 0.896875 0.73125 0.028125 0.059375
0 0.8890625 0.48515625 0.00859375 0.01484375
0 0.9078125 0.50078125 0.0171875 0.0078125
0 0.91640625 0.46484375 0.0125 0.01953125
0 0.96328125 0.48671875 0.015625 0.0203125
0 0.97265625 0.48515625 0.0171875 0.0171875
0 0.98046875 0.5265625 0.02578125 0.0421875