0 0.5375 0.91796875 0.0765625 0.1
0 0.21484375 0.60546875 0.034375 0.0421875
0 0.26875 0.721875 0.0359375 0.065625
0 0.25390625 0.3890625 0.0328125 0.059375
0 0.309375 0.98515625 0.05625 0.0296875
0 0.2953125 0.61484375 0.0296875 0.0484375
0 0.29765625 0.49140625 0.03125 0.03125
0 0.309375 0.49921875 0.034375 0.046875
0 0.325 0.3234375 0.028125 0.0484375
0 0.35 0.525 0.0421875 0.065625
0 0.4265625 0.7515625 0.0359375 0.096875
0 0.44140625 0.7390625 0.03125 0.0765625
0 0.5109375 0.278125 0.0234375 0.0421875
0 0.5265625 0.38203125 0.0359375 0.05
0 0.58125 0.578125 0.01875 0.0453125
0 0.60234375 0.703125 0.0359375 0.05625
0 0.68203125 0.91953125 0.0359375 0.0609375
0 0.6640625 0.34375 0.0375 0.075
0 0.70390625 0.7515625 0.0421875 0.0578125
0 0.7046875 0.559375 0.0390625 0.0515625
0 0.7296875 0.28515625 0.0390625 0.053125
0 0.771875 0.596875 0.0609375 0.06875
0 0.92734375 0.43359375 0.0515625 0.0921875
0 0.9859375 0.7578125 0.028125 0.090625
0 0.965625 0.2796875 0.0453125 0.08125