0 0.50859375 0.91953125 0.06953125 0.09609375
0 0.2078125 0.58515625 0.03203125 0.040625
0 0.25390625 0.70546875 0.03203125 0.0640625
0 0.2625 0.371875 0.028125 0.0578125
0 0.2765625 0.97890625 0.05390625 0.03984375
0 0.2875 0.6 0.02578125 0.046875
0 0.2984375 0.47734375 0.0296875 0.02890625
0 0.31015625 0.4859375 0.03203125 0.0453125
0 0.3375 0.31171875 0.02421875 0.046875
0 0.3484375 0.51484375 0.0375 0.0625
0 0.409375 0.74609375 0.0296875 0.09453125
0 0.425 0.734375 0.02578125 0.075
0 0.5265625 0.2796875 0.02109375 0.040625
0 0.534375 0.384375 0.03203125 0.0484375
0 0.57578125 0.58359375 0.01640625 0.04453125
0 0.58828125 0.71015625 0.03203125 0.0546875
0 0.65234375 0.93125 0.03203125 0.059375
0 0.67421875 0.35546875 0.03203125 0.0734375
0 0.6859375 0.76484375 0.0390625 0.05546875
0 0.7 0.5734375 0.0359375 0.0484375
0 0.74375 0.3015625 0.0359375 0.05078125
0 0.7640625 0.615625 0.05625 0.065625
0 0.93125 0.46328125 0.04609375 0.08984375
0 0.975 0.79140625 0.03828125 0.08828125
0 0.9796875 0.3125 0.03984375 0.07890625