0 0.05625 0.5140625 0.0125 0.0203125
0 0.1515625 0.43203125 0.0109375 0.009375
0 0.1609375 0.45703125 0.01015625 0.015625
0 0.1671875 0.63515625 0.01171875 0.028125
0 0.1828125 0.6328125 0.0375 0.03359375
0 0.36796875 0.99296875 0.0328125 0.01171875
0 0.53359375 0.9546875 0.034375 0.0515625
0 0.58046875 0.51796875 0.059375 0.0453125
0 0.61171875 0.50234375 0.03203125 0.03515625
0 0.8265625 0.56484375 0.05390625 0.078125
0 0.8421875 0.50703125 0.0390625 0.06171875
0 0.84296875 0.5625 0.0359375 0.06875
0 0.8484375 0.5078125 0.0421875 0.06328125