0 0.56328125 0.1671875 0.1046875 0.1046875
0 0.0078125 0.190625 0.01484375 0.034375
0 0.0625 0.27109375 0.0328125 0.0515625
0 0.15546875 0.2390625 0.02734375 0.04140625
0 0.21171875 0.259375 0.0296875 0.0484375
0 0.3078125 0.253125 0.034375 0.03046875
0 0.3515625 0.28203125 0.0484375 0.0140625
0 0.3859375 0.38046875 0.0203125 0.025
0 0.40546875 0.39140625 0.02890625 0.05546875
0 0.5265625 0.25390625 0.0171875 0.0171875
0 0.6515625 0.1828125 0.0171875 0.0234375
0 0.6671875 0.17421875 0.0296875 0.0421875
0 0.753125 0.2015625 0.021875 0.0671875
0 0.77421875 0.19453125 0.02890625 0.0578125
0 0.875 0.20390625 0.0328125 0.06015625
0 0.91875 0.93359375 0.1109375 0.06015625
0 0.90625 0.18046875 0.0296875 0.0546875