0 0.521875 0.16171875 0.1171875 0.1171875
0 0.0046875 0.25234375 0.009375 0.0359375
0 0.0375 0.32578125 0.0390625 0.0546875
0 0.1265625 0.2828125 0.0328125 0.04375
0 0.184375 0.29609375 0.0359375 0.0515625
0 0.27890625 0.278125 0.0375 0.034375
0 0.32578125 0.3015625 0.05 0.0203125
0 0.371875 0.3953125 0.0234375 0.0265625
0 0.39296875 0.40390625 0.0359375 0.0578125
0 0.49609375 0.25234375 0.01875 0.01875
0 0.61171875 0.16640625 0.0203125 0.025
0 0.6265625 0.15625 0.034375 0.0453125
0 0.71484375 0.17265625 0.0296875 0.06875
0 0.73515625 0.16328125 0.0359375 0.0609375
0 0.8359375 0.16015625 0.040625 0.0640625
0 0.9546875 0.87890625 0.090625 0.0734375
0 0.8640625 0.13359375 0.0359375 0.0578125