0 0.38046875 0.44921875 0.01875 0.04609375
0 0.4046875 0.7921875 0.02890625 0.05
0 0.41171875 0.8171875 0.0234375 0.0578125
0 0.4390625 0.97265625 0.0484375 0.05
0 0.4359375 0.67734375 0.01640625 0.025
0 0.4546875 0.8859375 0.0296875 0.01953125
0 0.475 0.4515625 0.0171875 0.025
0 0.5796875 0.44765625 0.01875 0.025
0 0.6203125 0.28359375 0.02265625 0.034375
0 0.6265625 0.68671875 0.0234375 0.025
0 0.634375 0.39921875 0.0234375 0.0234375
0 0.6625 0.7421875 0.03984375 0.034375
0 0.66484375 0.4328125 0.0296875 0.03671875
0 0.67109375 0.278125 0.025 0.02109375
0 0.7515625 0.39765625 0.02265625 0.03671875
0 0.8609375 0.28359375 0.01640625 0.034375
0 0.86640625 0.2328125 0.02265625 0.02734375
0 0.9046875 0.32890625 0.03125 0.04453125
0 0.93125 0.51796875 0.0203125 0.034375