0 0.37265625 0.475 0.028125 0.0484375
0 0.4671875 0.80546875 0.0390625 0.0546875
0 0.4796875 0.82890625 0.034375 0.0609375
0 0.53828125 0.97265625 0.0578125 0.0546875
0 0.47421875 0.68671875 0.021875 0.028125
0 0.5359375 0.88671875 0.0328125 0.025
0 0.465625 0.4578125 0.021875 0.028125
0 0.5671875 0.43203125 0.0234375 0.028125
0 0.57265625 0.26328125 0.0296875 0.0390625
0 0.6625 0.65625 0.028125 0.0296875
0 0.61015625 0.3734375 0.028125 0.028125
0 0.709375 0.703125 0.046875 0.0421875
0 0.64765625 0.4 0.0359375 0.0421875
0 0.62109375 0.24765625 0.028125 0.0265625
0 0.725 0.34765625 0.0296875 0.040625
0 0.8078125 0.21328125 0.0234375 0.0375
0 0.803125 0.1625 0.028125 0.03125
0 0.86015625 0.2484375 0.0390625 0.05
0 0.92578125 0.428125 0.0265625 0.0375