0 0.1859375 0.653125 0.0109375 0.02265625
0 0.2109375 0.57890625 0.0140625 0.03203125
0 0.2203125 0.559375 0.0171875 0.0296875
0 0.275 0.68515625 0.01484375 0.0375
0 0.4203125 0.61171875 0.0140625 0.0296875
0 0.4703125 0.6390625 0.0265625 0.0359375
0 0.47265625 0.63671875 0.01484375 0.028125
0 0.50703125 0.58984375 0.01875 0.02421875
0 0.5421875 0.48984375 0.01640625 0.0296875
0 0.5984375 0.40078125 0.0171875 0.028125
0 0.6125 0.94921875 0.0203125 0.07109375
0 0.6171875 0.65546875 0.0125 0.028125
0 0.7546875 0.57421875 0.0140625 0.0296875
0 0.87109375 0.4234375 0.0171875 0.03203125
0 0.93828125 0.43046875 0.01640625 0.02421875