0 0.775 0.71484375 0.015625 0.025
0 0.76640625 0.6375 0.0203125 0.034375
0 0.7609375 0.61640625 0.0234375 0.0328125
0 0.68125 0.728125 0.021875 0.0390625
0 0.5546875 0.62578125 0.0203125 0.03125
0 0.5 0.6421875 0.0328125 0.040625
0 0.4984375 0.6390625 0.0203125 0.03125
0 0.47421875 0.58671875 0.0234375 0.028125
0 0.4609375 0.48125 0.021875 0.0328125
0 0.42421875 0.3828125 0.0234375 0.03125
0 0.296875 0.915625 0.034375 0.0734375
0 0.353125 0.62734375 0.01875 0.0296875
0 0.23515625 0.51953125 0.0203125 0.03125
0 0.153125 0.34765625 0.0234375 0.034375
0 0.0859375 0.340625 0.0203125 0.0265625