0 0.025 0.471875 0.05 0.0359375
0 0.1234375 0.05078125 0.059375 0.10078125
0 0.1296875 0.23984375 0.0515625 0.10546875
0 0.19296875 0.02890625 0.0796875 0.0578125
0 0.38203125 0.21953125 0.03515625 0.03046875
0 0.4078125 0.14296875 0.0421875 0.08671875
0 0.48203125 0.1546875 0.04609375 0.06796875
0 0.61484375 0.18828125 0.03515625 0.0359375
0 0.84140625 0.77890625 0.0734375 0.12265625
0 0.89765625 0.1421875 0.0484375 0.0703125
0 0.8953125 0.18125 0.0296875 0.02578125
0 0.96328125 0.12265625 0.02421875 0.04609375