0 0.5546875 0.53203125 0.07109375 0.12265625
0 0.0140625 0.2265625 0.01640625 0.0234375
0 0.11484375 0.23046875 0.0171875 0.0421875
0 0.16953125 0.6875 0.07890625 0.190625
0 0.3703125 0.91953125 0.09609375 0.13203125
0 0.39296875 0.290625 0.02578125 0.03828125
0 0.515625 0.2109375 0.0140625 0.021875
0 0.5265625 0.21328125 0.00859375 0.0234375
0 0.615625 0.1265625 0.021875 0.06171875
0 0.6453125 0.659375 0.0765625 0.16875
0 0.6375 0.21640625 0.021875 0.04765625
0 0.8078125 0.89609375 0.06640625 0.08828125
0 0.975 0.33359375 0.0328125 0.025