0 0.009375 0.62109375 0.01875 0.0328125
0 0.0453125 0.4625 0.01015625 0.0171875
0 0.0609375 0.77578125 0.0265625 0.02890625
0 0.065625 0.5625 0.0203125 0.02890625
0 0.1078125 0.5171875 0.0140625 0.02734375
0 0.12578125 0.453125 0.0125 0.01484375
0 0.1328125 0.43671875 0.01015625 0.0140625
0 0.159375 0.43984375 0.00859375 0.01796875
0 0.16796875 0.7046875 0.0171875 0.04609375
0 0.175 0.68046875 0.02421875 0.03828125
0 0.2015625 0.984375 0.05234375 0.02890625
0 0.19765625 0.4390625 0.01171875 0.0109375
0 0.2453125 0.54296875 0.0171875 0.01875
0 0.25 0.5125 0.0140625 0.021875
0 0.2546875 0.5359375 0.0140625 0.01484375
0 0.25859375 0.49453125 0.0125 0.0234375
0 0.2765625 0.85078125 0.0359375 0.0421875
0 0.28515625 0.84375 0.02421875 0.06015625
0 0.315625 0.54609375 0.01328125 0.01328125
0 0.3296875 0.51015625 0.009375 0.0234375
0 0.4 0.77578125 0.02421875 0.07890625
0 0.40234375 0.77578125 0.02421875 0.04453125
0 0.46640625 0.51015625 0.0125 0.015625
0 0.496875 0.709375 0.0375 0.0625
0 0.50859375 0.53828125 0.01328125 0.02890625
0 0.515625 0.6984375 0.01953125 0.0515625
0 0.51484375 0.52265625 0.0125 0.009375
0 0.5421875 0.41171875 0.0078125 0.01484375
0 0.55390625 0.4171875 0.01171875 0.01484375
0 0.559375 0.48671875 0.015625 0.02265625
0 0.56015625 0.41171875 0.009375 0.01875
0 0.58046875 0.66875 0.01953125 0.01875
0 0.59609375 0.4234375 0.00859375 0.015625
0 0.60703125 0.40390625 0.0078125 0.01875
0 0.6171875 0.5953125 0.021875 0.046875
0 0.6328125 0.840625 0.0375 0.1046875
0 0.63203125 0.58046875 0.0125 0.03671875
0 0.6671875 0.81015625 0.0375 0.06953125
0 0.66171875 0.596875 0.021875 0.03828125
0 0.6625 0.56875 0.01015625 0.0171875
0 0.6765625 0.5890625 0.01796875 0.03515625
0 0.67734375 0.56953125 0.0140625 0.02265625
0 0.6859375 0.41640625 0.01171875 0.0171875
0 0.7125 0.409375 0.00703125 0.0109375
0 0.721875 0.41015625 0.00859375 0.0171875
0 0.73671875 0.546875 0.028125 0.02734375
0 0.7375 0.53046875 0.0296875 0.02109375
0 0.77578125 0.7890625 0.04140625 0.06015625
0 0.78125 0.8203125 0.0453125 0.0640625
0 0.7828125 0.7671875 0.04765625 0.02734375
0 0.77734375 0.41875 0.01171875 0.0171875
0 0.784375 0.41796875 0.0109375 0.0109375
0 0.803125 0.82734375 0.02578125 0.02421875
0 0.7984375 0.71796875 0.0140625 0.01953125
0 0.8 0.73984375 0.0140625 0.0234375
0 0.83515625 0.46640625 0.015625 0.01875
0 0.846875 0.71015625 0.03125 0.02734375
0 0.8484375 0.65 0.03359375 0.03515625
0 0.8515625 0.6875 0.02421875 0.02265625
0 0.85625 0.58359375 0.028125 0.02734375
0 0.8515625 0.4171875 0.00859375 0.01484375
0 0.865625 0.596875 0.02578125 0.02734375
0 0.8828125 0.53046875 0.01015625 0.0171875
0 0.896875 0.54765625 0.01171875 0.01796875
0 0.9 0.53125 0.0109375 0.01875
0 0.9015625 0.40546875 0.0109375 0.01796875
0 0.9046875 0.4609375 0.01015625 0.01796875
0 0.91640625 0.5265625 0.0140625 0.009375
0 0.92109375 0.465625 0.01328125 0.01953125
0 0.9234375 0.48671875 0.01484375 0.01796875
0 0.9296875 0.4375 0.00625 0.009375
0 0.93515625 0.4890625 0.0109375 0.01953125
0 0.93515625 0.45078125 0.0078125 0.0171875
0 0.9359375 0.43984375 0.00859375 0.0171875
0 0.95703125 0.40859375 0.01015625 0.0171875
0 0.9703125 0.43125 0.00859375 0.01484375