0 0.965625 0.69609375 0.0234375 0.0359375
0 0.9546875 0.534375 0.0125 0.01875
0 0.890625 0.84140625 0.03125 0.0328125
0 0.91953125 0.6296875 0.025 0.03125
0 0.884375 0.578125 0.01875 0.0296875
0 0.8765625 0.5125 0.0140625 0.0171875
0 0.87265625 0.4953125 0.0125 0.015625
0 0.84609375 0.49375 0.0109375 0.01875
0 0.79609375 0.75390625 0.0234375 0.0484375
0 0.79296875 0.72890625 0.0296875 0.0421875
0 0.8078125 0.4875 0.0140625 0.0125
0 0.74453125 0.58203125 0.0203125 0.021875
0 0.7453125 0.5515625 0.0171875 0.0234375
0 0.73671875 0.57421875 0.015625 0.0171875
0 0.7390625 0.53203125 0.015625 0.025
0 0.665625 0.88125 0.0421875 0.046875
0 0.65859375 0.8734375 0.0328125 0.0625
0 0.675 0.57421875 0.015625 0.015625
0 0.66640625 0.53671875 0.0125 0.025
0 0.55546875 0.78828125 0.0359375 0.08125
0 0.553125 0.7875 0.03125 0.0484375
0 0.53125 0.515625 0.0140625 0.0171875
0 0.4703125 0.70703125 0.046875 0.0671875
0 0.48515625 0.53671875 0.0171875 0.03125
0 0.45390625 0.69375 0.028125 0.0546875
0 0.48203125 0.5203125 0.0140625 0.0109375
0 0.471875 0.40625 0.009375 0.015625
0 0.459375 0.41015625 0.0140625 0.0171875
0 0.44375 0.47734375 0.01875 0.025
0 0.4546875 0.403125 0.0125 0.0203125
0 0.39375 0.65390625 0.021875 0.021875
0 0.4171875 0.409375 0.0109375 0.0171875
0 0.409375 0.38828125 0.0109375 0.0203125
0 0.36953125 0.57578125 0.0296875 0.05
0 0.315625 0.815625 0.053125 0.109375
0 0.35703125 0.55859375 0.01875 0.0375
0 0.28671875 0.78046875 0.0484375 0.075
0 0.325 0.5703125 0.028125 0.040625
0 0.32890625 0.5421875 0.0125 0.01875
0 0.31171875 0.56015625 0.0234375 0.0375
0 0.3140625 0.540625 0.0171875 0.025
0 0.3296875 0.38828125 0.0140625 0.01875
0 0.30390625 0.37734375 0.009375 0.0125
0 0.29453125 0.3765625 0.0109375 0.01875
0 0.25859375 0.509375 0.0328125 0.03125
0 0.2609375 0.49296875 0.0328125 0.025
0 0.18203125 0.7421875 0.05 0.065625
0 0.171875 0.77265625 0.0546875 0.0703125
0 0.17890625 0.71953125 0.0515625 0.034375
0 0.2390625 0.3765625 0.0140625 0.01875
0 0.23203125 0.37421875 0.0125 0.0125
0 0.14921875 0.77578125 0.0296875 0.028125
0 0.17109375 0.66875 0.0171875 0.021875
0 0.16640625 0.68984375 0.0171875 0.025
0 0.17421875 0.4140625 0.01875 0.0203125
0 0.12421875 0.653125 0.034375 0.03125
0 0.13203125 0.59375 0.0390625 0.040625
0 0.1234375 0.63046875 0.028125 0.0265625
0 0.13515625 0.5265625 0.0328125 0.03125
0 0.165625 0.36328125 0.0109375 0.015625
0 0.1234375 0.53828125 0.0296875 0.03125
0 0.1171875 0.4703125 0.0125 0.01875
0 0.10078125 0.48515625 0.0140625 0.0203125
0 0.1 0.46796875 0.0140625 0.0203125
0 0.11796875 0.34375 0.0140625 0.01875
0 0.10625 0.3984375 0.0125 0.01875
0 0.084375 0.4609375 0.015625 0.0109375
0 0.08984375 0.4 0.015625 0.021875
0 0.08359375 0.4203125 0.0171875 0.0203125
0 0.08515625 0.37109375 0.0078125 0.0109375
0 0.071875 0.42109375 0.0140625 0.0203125
0 0.078125 0.38359375 0.0109375 0.01875
0 0.07890625 0.37265625 0.0109375 0.01875
0 0.06328125 0.33828125 0.0125 0.01875
0 0.04609375 0.35859375 0.0109375 0.015625