0 0.1546875 0.6984375 0.04140625 0.025
0 0.28671875 0.665625 0.0640625 0.06640625
0 0.35625 0.45390625 0.0203125 0.02421875
0 0.44375 0.584375 0.02734375 0.0453125
0 0.62890625 0.484375 0.0421875 0.04375
0 0.65234375 0.37890625 0.02109375 0.0296875
0 0.66171875 0.4109375 0.0359375 0.02265625
0 0.6890625 0.85390625 0.05390625 0.0640625
0 0.68828125 0.35703125 0.021875 0.01484375
0 0.7484375 0.68671875 0.0515625 0.071875
0 0.9125 0.37890625 0.02578125 0.0296875
0 0.9265625 0.490625 0.05 0.11953125
0 0.95234375 0.3859375 0.025 0.04765625