0 0.87421875 0.63515625 0.0453125 0.03125
0 0.7390625 0.62578125 0.075 0.0765625
0 0.63359375 0.4296875 0.0234375 0.028125
0 0.5703125 0.5734375 0.034375 0.05
0 0.3703125 0.50703125 0.0484375 0.05
0 0.32890625 0.40703125 0.0265625 0.0328125
0 0.325 0.440625 0.0390625 0.028125
0 0.375 0.88125 0.0640625 0.071875
0 0.28984375 0.3921875 0.0234375 0.01875
0 0.2875 0.72734375 0.0625 0.0796875
0 0.07265625 0.45234375 0.03125 0.034375
0 0.078125 0.56484375 0.0703125 0.1265625
0 0.034375 0.46640625 0.0328125 0.0515625