0 0.60234375 0.66796875 0.121875 0.178125
0 0.9828125 0.4890625 0.034375 0.0625
0 0.94453125 0.2640625 0.04375 0.0578125
0 0.83828125 0.4890625 0.0234375 0.034375
0 0.75234375 0.48515625 0.0484375 0.071875
0 0.5390625 0.403125 0.0625 0.0875
0 0.428125 0.78515625 0.0890625 0.1234375
0 0.44140625 0.3078125 0.0765625 0.0828125
0 0.31953125 0.2796875 0.053125 0.0734375
0 0.28046875 0.1734375 0.0328125 0.0375
0 0.215625 0.275 0.0796875 0.075
0 0.05234375 0.7578125 0.04375 0.040625
0 0.190625 0.14609375 0.0484375 0.0890625
0 0.04921875 0.67578125 0.071875 0.08125
0 0.08828125 0.19921875 0.078125 0.09375