0 0.3625 0.640625 0.08671875 0.16328125
0 0.028125 0.38046875 0.0296875 0.05703125
0 0.11953125 0.1703125 0.0328125 0.0515625
0 0.17265625 0.41328125 0.0171875 0.03125
0 0.2578125 0.42890625 0.034375 0.065625
0 0.48359375 0.396875 0.04609375 0.07890625
0 0.50625 0.79375 0.06484375 0.11171875
0 0.6 0.32578125 0.0625 0.07109375
0 0.72578125 0.32578125 0.03828125 0.0671875
0 0.7875 0.23125 0.0265625 0.0328125
0 0.828125 0.34453125 0.0671875 0.06171875
0 0.878125 0.8515625 0.03671875 0.03359375
0 0.88125 0.225 0.03046875 0.084375
0 0.9 0.77265625 0.0578125 0.06953125
0 0.96875 0.29921875 0.0609375 0.0828125