0 0.10390625 0.66796875 0.03203125 0.04765625
0 0.11484375 0.58046875 0.02734375 0.046875
0 0.11640625 0.6640625 0.0203125 0.0515625
0 0.29375 0.56328125 0.0140625 0.0296875
0 0.3203125 0.51328125 0.01640625 0.0421875
0 0.41875 0.659375 0.0171875 0.053125
0 0.45625 0.665625 0.0265625 0.0515625
0 0.52578125 0.61796875 0.02578125 0.04765625
0 0.5265625 0.49609375 0.00859375 0.01875
0 0.5484375 0.61640625 0.0296875 0.04375
0 0.546875 0.5640625 0.021875 0.04140625
0 0.55234375 0.4421875 0.00859375 0.01875
0 0.559375 0.5796875 0.021875 0.0515625
0 0.5609375 0.50625 0.01015625 0.02890625
0 0.56875 0.4875 0.0140625 0.02421875
0 0.63125 0.53359375 0.0125 0.0203125
0 0.68046875 0.5015625 0.0109375 0.015625
0 0.771875 0.5828125 0.0171875 0.05703125
0 0.78515625 0.57578125 0.0203125 0.0671875
0 0.8265625 0.709375 0.02421875 0.05
0 0.83125 0.6921875 0.01953125 0.04609375
0 0.8375 0.4078125 0.0078125 0.01484375
0 0.85390625 0.64140625 0.03046875 0.0828125
0 0.8890625 0.65390625 0.05859375 0.07109375
0 0.925 0.6421875 0.034375 0.046875