0 0.0765625 0.57421875 0.0421875 0.053125
0 0.10625 0.49140625 0.0375 0.0515625
0 0.0890625 0.5734375 0.03125 0.0546875
0 0.28515625 0.515625 0.0203125 0.0328125
0 0.321875 0.47265625 0.025 0.0453125
0 0.38515625 0.63671875 0.028125 0.05625
0 0.4203125 0.6515625 0.0375 0.05625
0 0.4984375 0.62109375 0.0359375 0.0515625
0 0.5265625 0.50234375 0.0125 0.0203125
0 0.52109375 0.62421875 0.0390625 0.05
0 0.53125 0.57265625 0.03125 0.0453125
0 0.5640625 0.45546875 0.0125 0.0203125
0 0.53984375 0.590625 0.0328125 0.0546875
0 0.5578125 0.51953125 0.015625 0.0296875
0 0.56953125 0.503125 0.01875 0.0265625
0 0.6203125 0.5625 0.0171875 0.021875
0 0.67578125 0.5421875 0.0140625 0.0171875
0 0.74609375 0.6421875 0.0296875 0.059375
0 0.7609375 0.63828125 0.034375 0.0703125
0 0.77109375 0.77734375 0.034375 0.0546875
0 0.7796875 0.76171875 0.0296875 0.05
0 0.84921875 0.4859375 0.0109375 0.015625
0 0.81328125 0.7171875 0.0484375 0.0875
0 0.84453125 0.7375 0.0734375 0.0828125
0 0.88203125 0.734375 0.04375 0.053125