0 0.18046875 0.534375 0.0265625 0.034375
0 0.20546875 0.41171875 0.0078125 0.0140625
0 0.39375 0.83359375 0.0609375 0.0625
0 0.49296875 0.746875 0.0546875 0.053125
0 0.5125 0.728125 0.034375 0.0421875
0 0.61015625 0.67734375 0.0390625 0.053125
0 0.67578125 0.6578125 0.040625 0.0453125
0 0.671875 0.63671875 0.0328125 0.0234375
0 0.74296875 0.62421875 0.025 0.04375
0 0.72109375 0.46640625 0.0234375 0.0265625
0 0.790625 0.60546875 0.028125 0.0265625
0 0.8 0.59609375 0.03125 0.0234375
0 0.72109375 0.12421875 0.009375 0.015625
0 0.72578125 0.1234375 0.009375 0.015625
0 0.8265625 0.5703125 0.0296875 0.0265625
0 0.83203125 0.39296875 0.0140625 0.021875
0 0.8859375 0.50390625 0.0140625 0.0234375