0 0.1796875 0.478125 0.021875 0.03125
0 0.225 0.36171875 0.00625 0.01328125
0 0.3375 0.81015625 0.0515625 0.0546875
0 0.45 0.7421875 0.046875 0.04609375
0 0.47265625 0.7265625 0.028125 0.03828125
0 0.57734375 0.69375 0.03203125 0.04765625
0 0.6453125 0.6859375 0.03359375 0.040625
0 0.6453125 0.6640625 0.03046875 0.01875
0 0.71796875 0.66484375 0.0171875 0.0421875
0 0.7234375 0.50546875 0.01875 0.02421875
0 0.76796875 0.6546875 0.02421875 0.02265625
0 0.77890625 0.646875 0.028125 0.01953125
0 0.7828125 0.16796875 0.00625 0.01484375
0 0.7875 0.16796875 0.00703125 0.01484375
0 0.809375 0.62578125 0.0265625 0.02265625
0 0.8453125 0.45234375 0.0109375 0.0203125
0 0.8796875 0.57109375 0.01015625 0.021875