0 0.5328125 0.8890625 0.1171875 0.15625
0 0.1109375 0.68828125 0.0375 0.053125
0 0.26953125 0.70859375 0.021875 0.0296875
0 0.26953125 0.7296875 0.0140625 0.034375
0 0.325 0.6390625 0.025 0.03125
0 0.3421875 0.565625 0.034375 0.0421875
0 0.41484375 0.82109375 0.109375 0.15625
0 0.5296875 0.625 0.0328125 0.034375
0 0.56875 0.75 0.0171875 0.03125
0 0.5734375 0.7328125 0.01875 0.0359375
0 0.625 0.79765625 0.028125 0.0453125
0 0.6328125 0.79453125 0.0171875 0.0390625
0 0.72734375 0.81953125 0.025 0.0390625
0 0.73671875 0.74140625 0.0265625 0.053125
0 0.7875 0.7640625 0.0390625 0.0453125
0 0.8125 0.696875 0.025 0.028125
0 0.85625 0.72890625 0.021875 0.040625
0 0.934375 0.90078125 0.0640625 0.0546875
0 0.94296875 0.75234375 0.0234375 0.0234375