0 0.56015625 0.8859375 0.10703125 0.14921875
0 0.125 0.71484375 0.034375 0.0515625
0 0.284375 0.72421875 0.0203125 0.02890625
0 0.2859375 0.7453125 0.0125 0.0328125
0 0.33515625 0.65078125 0.0234375 0.02890625
0 0.346875 0.5765625 0.03125 0.03984375
0 0.4375 0.8265625 0.0984375 0.14921875
0 0.53828125 0.62265625 0.03125 0.0328125
0 0.5859375 0.74453125 0.015625 0.03046875
0 0.58984375 0.72734375 0.015625 0.034375
0 0.6453125 0.78828125 0.02578125 0.04296875
0 0.653125 0.784375 0.0140625 0.03828125
0 0.74921875 0.803125 0.021875 0.0375
0 0.753125 0.72421875 0.02265625 0.0515625
0 0.80546875 0.74296875 0.0359375 0.04296875
0 0.82578125 0.67421875 0.0234375 0.02578125
0 0.87109375 0.70390625 0.01953125 0.03984375
0 0.9609375 0.86953125 0.0609375 0.05
0 0.959375 0.72109375 0.021875 0.02265625