0 0.17578125 0.39609375 0.1546875 0.234375
0 0.05546875 0.71171875 0.0375 0.05
0 0.07578125 0.34609375 0.0171875 0.01875
0 0.12109375 0.359375 0.0203125 0.0203125
0 0.5859375 0.3796875 0.04375 0.0765625
0 0.6125 0.65078125 0.05625 0.0703125
0 0.6828125 0.53828125 0.0421875 0.0515625
0 0.7109375 0.484375 0.040625 0.0703125
0 0.715625 0.56171875 0.0390625 0.046875
0 0.746875 0.58671875 0.0390625 0.065625
0 0.8 0.371875 0.0359375 0.065625
0 0.82421875 0.603125 0.0296875 0.08125
0 0.8484375 0.603125 0.034375 0.08125
0 0.959375 0.365625 0.053125 0.0734375