0 0.17265625 0.4078125 0.14609375 0.22890625
0 0.06328125 0.72734375 0.03515625 0.0484375
0 0.0703125 0.3609375 0.0171875 0.01796875
0 0.11640625 0.37265625 0.0203125 0.01953125
0 0.58203125 0.3765625 0.04140625 0.07578125
0 0.61796875 0.646875 0.053125 0.06875
0 0.684375 0.53203125 0.040625 0.05078125
0 0.71015625 0.47734375 0.0375 0.06875
0 0.71796875 0.55390625 0.03828125 0.0453125
0 0.75 0.578125 0.0375 0.06484375
0 0.7953125 0.36171875 0.03359375 0.06484375
0 0.82734375 0.59140625 0.0265625 0.0796875
0 0.8515625 0.590625 0.03203125 0.0796875
0 0.9546875 0.35 0.05078125 0.071875