0 0.04921875 0.5875 0.0296875 0.034375
0 0.2578125 0.46484375 0.06328125 0.0328125
0 0.31875 0.51796875 0.06875 0.03203125
0 0.31953125 0.5109375 0.06640625 0.04296875
0 0.34296875 0.56796875 0.025 0.0140625
0 0.36328125 0.56640625 0.02578125 0.0109375
0 0.3875 0.484375 0.06328125 0.04453125
0 0.59296875 0.44609375 0.11171875 0.05625
0 0.634375 0.4078125 0.096875 0.04140625
0 0.70234375 0.7796875 0.19921875 0.1453125
0 0.64296875 0.63984375 0.05859375 0.04453125
0 0.8453125 0.9734375 0.178125 0.0515625