0 0.9203125 0.78671875 0.0859375 0.14453125
0 0.05234375 0.60390625 0.03359375 0.046875
0 0.0796875 0.60703125 0.0359375 0.0484375
0 0.31875 0.56328125 0.04921875 0.0515625
0 0.3640625 0.528125 0.0609375 0.0984375
0 0.3921875 0.1421875 0.02578125 0.053125
0 0.4328125 0.634375 0.0609375 0.06796875
0 0.46875 0.153125 0.02421875 0.0421875
0 0.54375 0.33203125 0.02734375 0.0328125
0 0.59609375 0.33359375 0.0265625 0.0390625
0 0.6265625 0.753125 0.07734375 0.0859375
0 0.625 0.3140625 0.03515625 0.034375
0 0.7078125 0.684375 0.0359375 0.071875
0 0.7390625 0.68671875 0.04609375 0.03984375
0 0.79375 0.71796875 0.02890625 0.0546875
0 0.84140625 0.28671875 0.028125 0.02265625
0 0.884375 0.76171875 0.05546875 0.103125
0 0.95078125 0.6640625 0.02421875 0.046875
0 0.98359375 0.6609375 0.0265625 0.04296875