0 0.1421875 0.86171875 0.1125 0.1578125
0 0.959375 0.51640625 0.0421875 0.053125
0 0.9328125 0.525 0.04375 0.0546875
0 0.68984375 0.52734375 0.0578125 0.059375
0 0.6390625 0.5015625 0.078125 0.1078125
0 0.5375 0.128125 0.0359375 0.0578125
0 0.59140625 0.61875 0.0734375 0.078125
0 0.46484375 0.15390625 0.03125 0.0453125
0 0.425 0.34375 0.0328125 0.0375
0 0.37421875 0.3546875 0.0328125 0.04375
0 0.42421875 0.77265625 0.0921875 0.0984375
0 0.3421875 0.34140625 0.040625 0.040625
0 0.33125 0.7203125 0.0484375 0.078125
0 0.30078125 0.72890625 0.053125 0.0484375
0 0.253125 0.7703125 0.0390625 0.059375
0 0.12421875 0.35546875 0.03125 0.028125
0 0.17265625 0.83046875 0.0734375 0.1125
0 0.0890625 0.746875 0.0328125 0.05
0 0.05625 0.75 0.034375 0.046875