0 0.96015625 0.678125 0.0515625 0.05625
0 0.9484375 0.73046875 0.0671875 0.090625
0 0.79921875 0.77734375 0.05625 0.0640625
0 0.7515625 0.528125 0.0546875 0.05
0 0.7015625 0.85703125 0.05 0.078125
0 0.70390625 0.54921875 0.0453125 0.0625
0 0.62265625 0.64921875 0.0421875 0.0734375
0 0.5546875 0.37890625 0.0140625 0.021875
0 0.51953125 0.48828125 0.0390625 0.0484375
0 0.52265625 0.37265625 0.0515625 0.05
0 0.4078125 0.29453125 0.0421875 0.065625
0 0.27734375 0.85234375 0.078125 0.0921875
0 0.315625 0.503125 0.04375 0.05
0 0.05078125 0.5140625 0.0765625 0.0703125