0 0.0234375 0.62890625 0.046875 0.0515625
0 0.0296875 0.68203125 0.05859375 0.08515625
0 0.1734375 0.74453125 0.05 0.05859375
0 0.246875 0.5015625 0.05 0.0453125
0 0.2625 0.834375 0.0421875 0.07421875
0 0.2921875 0.52734375 0.0390625 0.05859375
0 0.3625 0.6359375 0.034375 0.06953125
0 0.45859375 0.37421875 0.01171875 0.0203125
0 0.48203125 0.4859375 0.03515625 0.0453125
0 0.490625 0.37109375 0.046875 0.0453125
0 0.61328125 0.30546875 0.0359375 0.0625
0 0.684375 0.8734375 0.06953125 0.0859375
0 0.6828125 0.52265625 0.03984375 0.0453125
0 0.9453125 0.5609375 0.0703125 0.06328125