0 0.146875 0.69453125 0.046875 0.0390625
0 0.1734375 0.7859375 0.0171875 0.040625
0 0.22109375 0.6453125 0.0390625 0.046875
0 0.26953125 0.6046875 0.04375 0.05
0 0.44140625 0.90859375 0.05 0.0546875
0 0.42734375 0.678125 0.0375 0.0453125
0 0.5 0.7265625 0.0359375 0.0671875
0 0.4921875 0.43359375 0.0359375 0.0671875
0 0.50390625 0.5578125 0.03125 0.0609375
0 0.596875 0.809375 0.053125 0.05625
0 0.659375 0.91328125 0.0484375 0.065625
0 0.6328125 0.5 0.040625 0.0671875
0 0.675 0.78984375 0.05 0.059375
0 0.67890625 0.7328125 0.05 0.0515625
0 0.7125 0.48046875 0.0515625 0.0734375
0 0.7625 0.84375 0.03125 0.0421875
0 0.84140625 0.8625 0.0390625 0.04375
0 0.909375 0.925 0.028125 0.040625
0 0.92890625 0.85 0.03125 0.0359375
0 0.89375 0.3734375 0.04375 0.0578125
0 0.98046875 0.8328125 0.028125 0.05