0 0.13125 0.66328125 0.04375 0.0359375
0 0.15 0.75625 0.0140625 0.0390625
0 0.209375 0.6203125 0.0359375 0.04375
0 0.2609375 0.584375 0.03984375 0.04609375
0 0.40625 0.90234375 0.0453125 0.0515625
0 0.41171875 0.67109375 0.03359375 0.04296875
0 0.48046875 0.72578125 0.0296875 0.065625
0 0.49765625 0.4328125 0.0296875 0.06484375
0 0.49921875 0.5578125 0.02578125 0.059375
0 0.56953125 0.81640625 0.04921875 0.05234375
0 0.62265625 0.92578125 0.04375 0.06171875
0 0.63203125 0.51171875 0.03515625 0.0640625
0 0.64921875 0.80390625 0.0453125 0.05546875
0 0.6578125 0.74765625 0.0453125 0.04765625
0 0.71328125 0.49921875 0.0453125 0.0703125
0 0.73125 0.865625 0.028125 0.040625
0 0.80859375 0.890625 0.0359375 0.040625
0 0.87109375 0.959375 0.02421875 0.03828125
0 0.896875 0.8859375 0.028125 0.034375
0 0.903125 0.40859375 0.03984375 0.0546875
0 0.95 0.8734375 0.02421875 0.0484375