0 0.0765625 0.50390625 0.040625 0.03828125
0 0.07109375 0.49296875 0.02421875 0.0203125
0 0.14140625 0.3328125 0.0140625 0.01484375
0 0.29140625 0.40703125 0.02578125 0.02421875
0 0.36796875 0.39765625 0.0171875 0.01953125
0 0.36875 0.41640625 0.015625 0.0203125
0 0.49921875 0.4234375 0.01015625 0.0234375
0 0.5296875 0.48828125 0.0203125 0.0265625
0 0.5796875 0.49453125 0.02265625 0.0203125
0 0.72421875 0.459375 0.0265625 0.01953125
0 0.76796875 0.5609375 0.0328125 0.0328125
0 0.8890625 0.60859375 0.0453125 0.0328125