0 0.565625 0.9328125 0.1078125 0.11875
0 0.0546875 0.40703125 0.0390625 0.0453125
0 0.021875 0.84765625 0.04375 0.0640625
0 0.0875 0.52109375 0.0328125 0.040625
0 0.08125 0.85859375 0.0875 0.075
0 0.20703125 0.37734375 0.0234375 0.0328125
0 0.27109375 0.48359375 0.0375 0.0390625
0 0.31953125 0.3625 0.034375 0.040625
0 0.36171875 0.47109375 0.0296875 0.03125
0 0.5796875 0.46640625 0.0359375 0.040625
0 0.68828125 0.71875 0.0546875 0.0734375
0 0.8015625 0.65078125 0.0328125 0.0453125
0 0.8265625 0.6578125 0.0296875 0.046875