0 0.6609375 0.90703125 0.0875 0.10234375
0 0.0453125 0.509375 0.03125 0.03984375
0 0.08203125 0.953125 0.0796875 0.04765625
0 0.103125 0.61328125 0.025 0.03515625
0 0.17265625 0.94375 0.0765625 0.05859375
0 0.18671875 0.44609375 0.0171875 0.02890625
0 0.2734375 0.53515625 0.03125 0.03359375
0 0.29296875 0.40703125 0.0265625 0.03515625
0 0.35859375 0.503125 0.0234375 0.02734375
0 0.5703125 0.44921875 0.028125 0.03515625
0 0.7328125 0.67109375 0.040625 0.06640625
0 0.82734375 0.57890625 0.0234375 0.04140625
0 0.85390625 0.58046875 0.0203125 0.04375