0 0.1203125 0.825 0.02890625 0.03828125
0 0.165625 0.26171875 0.0171875 0.01328125
0 0.18125 0.30078125 0.01796875 0.02890625
0 0.196875 0.30234375 0.0109375 0.01953125
0 0.24453125 0.246875 0.015625 0.01953125
0 0.2625 0.26328125 0.01796875 0.03046875
0 0.50625 0.0296875 0.01328125 0.02265625
0 0.6984375 0.5015625 0.0296875 0.03203125
0 0.69921875 0.4890625 0.0234375 0.0328125
0 0.70625 0.734375 0.01171875 0.03515625
0 0.7390625 0.590625 0.0375 0.0390625
0 0.7390625 0.03203125 0.0109375 0.015625
0 0.80078125 0.1046875 0.0171875 0.02109375
0 0.828125 0.14453125 0.015625 0.01953125
0 0.92578125 0.1203125 0.01484375 0.0171875
0 0.959375 0.12265625 0.01484375 0.02109375
0 0.975 0.3671875 0.0234375 0.03046875