0 0.91640625 0.7765625 0.0328125 0.0421875
0 0.803125 0.22265625 0.01875 0.015625
0 0.7921875 0.26328125 0.021875 0.03125
0 0.7765625 0.2671875 0.0125 0.0203125
0 0.72265625 0.21796875 0.0171875 0.021875
0 0.70703125 0.2359375 0.021875 0.0328125
0 0.43671875 0.03359375 0.015625 0.0234375
0 0.303125 0.52578125 0.0328125 0.0359375
0 0.30078125 0.51328125 0.0265625 0.0359375
0 0.32421875 0.7578125 0.015625 0.0359375
0 0.2734375 0.61875 0.0421875 0.04375
0 0.20546875 0.06484375 0.0125 0.0171875
0 0.153125 0.14453125 0.0203125 0.0234375
0 0.13125 0.1875 0.0171875 0.021875
0 0.03125 0.175 0.0171875 0.01875
0 0.00390625 0.18046875 0.0078125 0.0234375
0 0.0125 0.42578125 0.025 0.0328125