0 0.06796875 0.628125 0.11640625 0.1671875
0 0.08984375 0.565625 0.0625 0.11875
0 0.07265625 0.41328125 0.0203125 0.0453125
0 0.115625 0.3875 0.02578125 0.05
0 0.14375 0.36875 0.01875 0.034375
0 0.1703125 0.3375 0.0109375 0.03203125
0 0.2 0.37421875 0.01953125 0.05859375
0 0.3671875 0.465625 0.06953125 0.1015625
0 0.4125 0.86953125 0.0421875 0.07265625
0 0.409375 0.36640625 0.015625 0.05234375
0 0.4375 0.36953125 0.0171875 0.05
0 0.4609375 0.4609375 0.0359375 0.05
0 0.46484375 0.35625 0.0328125 0.06875
0 0.45390625 0.340625 0.00859375 0.034375
0 0.490625 0.35234375 0.02421875 0.0578125
0 0.49453125 0.46875 0.0078125 0.034375
0 0.5078125 0.3421875 0.0109375 0.04140625
0 0.5171875 0.3078125 0.015625 0.03125
0 0.55546875 0.32734375 0.0171875 0.04375
0 0.621875 0.3640625 0.040625 0.12578125
0 0.72890625 0.375 0.03125 0.1046875
0 0.8140625 0.54921875 0.0546875 0.0953125
0 0.81640625 0.3640625 0.0265625 0.04765625
0 0.8625 0.35625 0.02109375 0.0546875
0 0.9125 0.3875 0.01875 0.0546875
0 0.98671875 0.3296875 0.025 0.12109375