0 0.9375 0.596875 0.125 0.175
0 0.9140625 0.53671875 0.0703125 0.1234375
0 0.9203125 0.38359375 0.0234375 0.046875
0 0.87578125 0.3609375 0.0296875 0.0515625
0 0.84609375 0.34453125 0.021875 0.0359375
0 0.8171875 0.31484375 0.0125 0.0328125
0 0.790625 0.35390625 0.0234375 0.059375
0 0.63046875 0.45625 0.0765625 0.10625
0 0.61328125 0.8625 0.046875 0.075
0 0.58125 0.36015625 0.01875 0.053125
0 0.553125 0.365625 0.0203125 0.0515625
0 0.5359375 0.45859375 0.0390625 0.053125
0 0.525 0.35390625 0.0375 0.0703125
0 0.53515625 0.3375 0.0109375 0.034375
0 0.49921875 0.35234375 0.028125 0.059375
0 0.503125 0.46875 0.0109375 0.034375
0 0.48125 0.34296875 0.0140625 0.0421875
0 0.46953125 0.309375 0.0171875 0.0328125
0 0.4328125 0.33125 0.0203125 0.0453125
0 0.36875 0.37265625 0.05 0.128125
0 0.26328125 0.39140625 0.0390625 0.10625
0 0.18984375 0.57109375 0.0609375 0.0984375
0 0.175 0.38671875 0.0296875 0.05
0 0.128125 0.38203125 0.025 0.05625
0 0.08046875 0.41640625 0.021875 0.05625
0 0.009375 0.3640625 0.01875 0.121875