0 0.421875 0.37734375 0.0234375 0.0421875
0 0.48984375 0.0703125 0.028125 0.0375
0 0.446875 0.2984375 0.0265625 0.034375
0 0.509375 0.0453125 0.0359375 0.04375
0 0.40859375 0.584375 0.03125 0.04375
0 0.3953125 0.815625 0.040625 0.0265625
0 0.44609375 0.57421875 0.0203125 0.0265625
0 0.57734375 0.090625 0.0140625 0.0171875
0 0.53984375 0.621875 0.0125 0.009375
0 0.55 0.6875 0.0515625 0.059375
0 0.50625 0.88125 0.0125 0.01875
0 0.63046875 0.3234375 0.05 0.05625
0 0.51171875 0.875 0.0140625 0.0109375
0 0.553125 0.7234375 0.0234375 0.0328125
0 0.88125 0.31953125 0.0203125 0.0203125