0 0.4 0.39453125 0.015625 0.03984375
0 0.4078125 0.08046875 0.021875 0.034375
0 0.409375 0.3125 0.021875 0.03046875
0 0.42265625 0.0515625 0.028125 0.03984375
0 0.4265625 0.6 0.0234375 0.03984375
0 0.4578125 0.8296875 0.03671875 0.0203125
0 0.4609375 0.58359375 0.015625 0.0234375
0 0.49765625 0.08359375 0.0109375 0.01484375
0 0.5625 0.61171875 0.01171875 0.0078125
0 0.58515625 0.67421875 0.04296875 0.05234375
0 0.57890625 0.87265625 0.01015625 0.01640625
0 0.59453125 0.3015625 0.04140625 0.05
0 0.5828125 0.865625 0.01328125 0.0078125
0 0.59453125 0.709375 0.0171875 0.03046875
0 0.83984375 0.25 0.0171875 0.01796875