0 0.45390625 0.44375 0.0125 0.0140625
0 0.3890625 0.4453125 0.0140625 0.0171875
0 0.3546875 0.45546875 0.0140625 0.0140625
0 0.3546875 0.47578125 0.0125 0.015625
0 0.29921875 0.43671875 0.0109375 0.03125
0 0.2640625 0.43984375 0.0171875 0.0171875
0 0.2 0.46796875 0.0125 0.0203125
0 0.1484375 0.4734375 0.015625 0.021875
0 0.103125 0.46328125 0.0203125 0.0203125
0 0.07578125 0.4875 0.015625 0.025
0 0.065625 0.46171875 0.021875 0.0203125
0 0.034375 0.46171875 0.025 0.0265625
0 0.01015625 0.48984375 0.0171875 0.021875