0 0.5390625 0.43828125 0.01171875 0.01328125
0 0.603125 0.43203125 0.01171875 0.015625
0 0.6390625 0.43828125 0.01328125 0.01328125
0 0.64140625 0.45859375 0.0109375 0.0140625
0 0.69140625 0.4125 0.0078125 0.03125
0 0.7265625 0.41171875 0.015625 0.01484375
0 0.79375 0.43203125 0.0109375 0.01953125
0 0.8453125 0.43046875 0.0140625 0.01953125
0 0.8890625 0.41484375 0.01875 0.01875
0 0.91953125 0.4359375 0.01328125 0.02421875
0 0.9265625 0.409375 0.01953125 0.01875
0 0.9578125 0.40546875 0.021875 0.02421875
0 0.98515625 0.43046875 0.015625 0.01953125