0 0.1671875 0.5125 0.0203125 0.034375
0 0.278125 0.51484375 0.01796875 0.025
0 0.29609375 0.54921875 0.0125 0.02109375
0 0.3046875 0.42421875 0.0265625 0.05390625
0 0.3234375 0.5359375 0.01015625 0.02421875
0 0.36796875 0.3953125 0.01484375 0.02734375
0 0.3859375 0.64375 0.0453125 0.04921875
0 0.40234375 0.684375 0.04375 0.0578125
0 0.54140625 0.596875 0.02421875 0.03984375
0 0.54375 0.740625 0.021875 0.0625
0 0.60078125 0.7734375 0.03984375 0.05625
0 0.634375 0.85703125 0.02578125 0.08203125
0 0.6859375 0.88125 0.0359375 0.08046875
0 0.7296875 0.903125 0.0328125 0.109375
0 0.7953125 0.921875 0.0578125 0.0765625
0 0.8578125 0.90390625 0.0484375 0.14765625
0 0.9671875 0.95390625 0.06484375 0.090625