0 0.16875 0.5359375 0.0234375 0.0359375
0 0.2796875 0.53046875 0.0203125 0.0265625
0 0.3 0.56328125 0.0140625 0.021875
0 0.3 0.43828125 0.0296875 0.05625
0 0.3265625 0.5484375 0.0125 0.025
0 0.3609375 0.4046875 0.0171875 0.028125
0 0.39609375 0.6515625 0.0484375 0.0515625
0 0.415625 0.690625 0.0484375 0.0609375
0 0.5484375 0.59375 0.0265625 0.0421875
0 0.56015625 0.73671875 0.0265625 0.0640625
0 0.61953125 0.765625 0.04375 0.059375
0 0.65859375 0.846875 0.03125 0.084375
0 0.71171875 0.8671875 0.0421875 0.0828125
0 0.75703125 0.8859375 0.040625 0.1109375
0 0.82421875 0.9 0.0625 0.0796875
0 0.88515625 0.878125 0.059375 0.15
0 0.98125 0.91953125 0.0375 0.0953125