0 0.0640625 0.45078125 0.075 0.06796875
0 0.3359375 0.34921875 0.03125 0.02578125
0 0.4265625 0.40703125 0.04375 0.0515625
0 0.434375 0.54453125 0.0203125 0.02578125
0 0.4421875 0.50234375 0.01171875 0.01640625
0 0.5203125 0.4828125 0.015625 0.02578125
0 0.58359375 0.45390625 0.0234375 0.0359375
0 0.5984375 0.515625 0.01171875 0.015625
0 0.71015625 0.5640625 0.0078125 0.015625
0 0.7625 0.384375 0.0296875 0.03515625
0 0.76171875 0.5546875 0.0265625 0.02109375
0 0.8078125 0.54453125 0.021875 0.01953125
0 0.8859375 0.51015625 0.0203125 0.0390625
0 0.8984375 0.60390625 0.04140625 0.05859375
0 0.9953125 0.48671875 0.0078125 0.034375