0 0.0671875 0.428125 0.078125 0.071875
0 0.34375 0.340625 0.0328125 0.028125
0 0.43125 0.403125 0.046875 0.053125
0 0.43203125 0.54140625 0.021875 0.0265625
0 0.4421875 0.49921875 0.0125 0.0171875
0 0.52109375 0.48359375 0.0171875 0.0265625
0 0.5859375 0.45859375 0.025 0.0375
0 0.59765625 0.52109375 0.0125 0.015625
0 0.70625 0.575 0.009375 0.015625
0 0.76796875 0.3984375 0.03125 0.0359375
0 0.75859375 0.56796875 0.028125 0.021875
0 0.8046875 0.5609375 0.0234375 0.0203125
0 0.88515625 0.53046875 0.021875 0.040625
0 0.8921875 0.625 0.04375 0.0609375
0 0.9953125 0.5125 0.009375 0.034375