0 0.24609375 0.93046875 0.0546875 0.125
0 0.24375 0.67109375 0.03671875 0.09921875
0 0.2734375 0.709375 0.0328125 0.05390625
0 0.284375 0.58125 0.0265625 0.0484375
0 0.33359375 0.93828125 0.065625 0.05546875
0 0.3328125 0.35 0.0515625 0.07734375
0 0.3359375 0.79375 0.0390625 0.0828125
0 0.51484375 0.753125 0.0671875 0.1078125
0 0.509375 0.4484375 0.01953125 0.03046875
0 0.5265625 0.44765625 0.02109375 0.02421875
0 0.56640625 0.61640625 0.021875 0.04609375
0 0.58984375 0.515625 0.02421875 0.02890625
0 0.60625 0.53359375 0.02421875 0.07890625
0 0.640625 0.66328125 0.03828125 0.08203125
0 0.646875 0.4890625 0.028125 0.02421875
0 0.6734375 0.77265625 0.07421875 0.109375
0 0.7 0.609375 0.0734375 0.08671875
0 0.68359375 0.6890625 0.0390625 0.06640625
0 0.7328125 0.70390625 0.05390625 0.040625
0 0.74140625 0.7296875 0.05625 0.0609375
0 0.7328125 0.46171875 0.0109375 0.02734375
0 0.77421875 0.82265625 0.05234375 0.08671875
0 0.80234375 0.796875 0.06796875 0.11640625
0 0.82734375 0.47109375 0.0515625 0.11796875
0 0.921875 0.409375 0.071875 0.05234375
0 0.9796875 0.54140625 0.03984375 0.07578125