0 0.87109375 0.3671875 0.021875 0.025
0 0.8140625 0.46171875 0.0125 0.021875
0 0.77265625 0.475 0.0140625 0.0234375
0 0.6609375 0.47265625 0.028125 0.0359375
0 0.54453125 0.97578125 0.0984375 0.0484375
0 0.54921875 0.5625 0.034375 0.0296875
0 0.46953125 0.83984375 0.075 0.084375
0 0.4578125 0.55390625 0.0296875 0.04375
0 0.42578125 0.8125 0.0515625 0.03125
0 0.4671875 0.3921875 0.015625 0.01875
0 0.4234375 0.503125 0.0578125 0.0625
0 0.41484375 0.440625 0.015625 0.0265625
0 0.40078125 0.43359375 0.015625 0.0296875
0 0.23515625 0.92265625 0.1984375 0.13125