0 0.1390625 0.34140625 0.0203125 0.02421875
0 0.1890625 0.43984375 0.0109375 0.02109375
0 0.2296875 0.45625 0.0125 0.02265625
0 0.34140625 0.46171875 0.02578125 0.034375
0 0.42109375 0.975 0.09453125 0.0484375
0 0.446875 0.55859375 0.0328125 0.02734375
0 0.50703125 0.84140625 0.0703125 0.0796875
0 0.53828125 0.55703125 0.0265625 0.04140625
0 0.55234375 0.8171875 0.04921875 0.02734375
0 0.540625 0.39453125 0.01484375 0.0171875
0 0.57578125 0.50859375 0.053125 0.05859375
0 0.5890625 0.446875 0.0140625 0.02578125
0 0.60390625 0.440625 0.01328125 0.02890625
0 0.734375 0.93984375 0.19140625 0.11796875