0 0.82421875 0.33203125 0.075 0.15390625
0 0.278125 0.7203125 0.0328125 0.08046875
0 0.328125 0.4765625 0.0578125 0.071875
0 0.3484375 0.57578125 0.04140625 0.05234375
0 0.37109375 0.31015625 0.04296875 0.07421875
0 0.41875 0.71484375 0.0140625 0.03828125
0 0.55234375 0.8484375 0.05703125 0.08828125
0 0.62578125 0.359375 0.0375 0.0375
0 0.634375 0.31171875 0.04296875 0.046875
0 0.65703125 0.47421875 0.05859375 0.06640625
0 0.8875 0.69140625 0.04453125 0.04375
0 0.91875 0.48046875 0.01953125 0.075