0 0.49140625 0.73515625 0.16796875 0.14765625
0 0.0625 0.05546875 0.12421875 0.1109375
0 0.109375 0.89609375 0.09140625 0.20546875
0 0.109375 0.0796875 0.0734375 0.103125
0 0.1140625 0.45546875 0.0140625 0.025
0 0.2734375 0.790625 0.1 0.11171875
0 0.3109375 0.56171875 0.04609375 0.0765625
0 0.33828125 0.25390625 0.01796875 0.0328125
0 0.340625 0.3078125 0.01484375 0.0171875
0 0.34765625 0.2625 0.0171875 0.0125
0 0.3765625 0.30703125 0.04140625 0.06484375
0 0.40859375 0.1390625 0.0203125 0.04609375
0 0.41953125 0.06953125 0.01640625 0.02734375
0 0.484375 0.55390625 0.08046875 0.115625
0 0.58515625 0.5671875 0.028125 0.01875
0 0.59921875 0.61640625 0.0296875 0.0171875
0 0.60859375 0.31875 0.04609375 0.075
0 0.65703125 0.3265625 0.06171875 0.09453125