0 0.50390625 0.73515625 0.175 0.15625
0 0.05234375 0.07890625 0.1046875 0.1171875
0 0.13046875 0.90546875 0.1015625 0.1890625
0 0.08828125 0.10078125 0.078125 0.10625
0 0.1125 0.47578125 0.015625 0.025
0 0.2890625 0.80234375 0.10625 0.1171875
0 0.3140625 0.571875 0.05 0.078125
0 0.32578125 0.2625 0.0203125 0.034375
0 0.33046875 0.31640625 0.015625 0.0171875
0 0.33515625 0.27109375 0.0171875 0.0140625
0 0.36640625 0.3140625 0.0453125 0.0671875
0 0.38984375 0.14453125 0.0234375 0.046875
0 0.396875 0.07421875 0.0171875 0.028125
0 0.4875 0.5546875 0.0859375 0.1203125
0 0.58828125 0.5625 0.0296875 0.0203125
0 0.60546875 0.6109375 0.03125 0.01875
0 0.59921875 0.31328125 0.05 0.0765625
0 0.64765625 0.31875 0.0671875 0.096875