0 0.6609375 0.765625 0.08984375 0.12578125
0 0.0171875 0.2875 0.0265625 0.025
0 0.059375 0.39375 0.01328125 0.0234375
0 0.06484375 0.371875 0.0203125 0.05234375
0 0.15625 0.40234375 0.0234375 0.0515625
0 0.15625 0.3125 0.01953125 0.02890625
0 0.16796875 0.38359375 0.03515625 0.04765625
0 0.2609375 0.4875 0.02578125 0.03203125
0 0.2984375 0.49609375 0.04609375 0.03125
0 0.31875 0.5140625 0.04375 0.040625
0 0.64375 0.70703125 0.10703125 0.07109375
0 0.9 0.49296875 0.03203125 0.06015625
0 0.971875 0.515625 0.0546875 0.06171875