0 0.0015625 0.50859375 0.003125 0.0171875
0 0.2140625 0.18359375 0.0359375 0.028125
0 0.37890625 0.45625 0.05 0.03125
0 0.4234375 0.52734375 0.0640625 0.0375
0 0.45078125 0.2765625 0.015625 0.0125
0 0.5 0.54453125 0.0828125 0.0421875
0 0.52578125 0.49375 0.0953125 0.059375
0 0.5421875 0.61796875 0.0875 0.034375
0 0.55234375 0.63046875 0.09375 0.05
0 0.57578125 0.5875 0.05 0.0265625
0 0.62265625 0.59921875 0.05625 0.028125
0 0.63046875 0.71640625 0.0609375 0.04375
0 0.75703125 0.3765625 0.034375 0.0453125
0 0.77265625 0.428125 0.03125 0.0234375