0 0.003125 0.5796875 0.00625 0.0171875
0 0.17265625 0.2265625 0.0328125 0.0234375
0 0.37421875 0.4734375 0.046875 0.02421875
0 0.428125 0.5375 0.0609375 0.0296875
0 0.4203125 0.2859375 0.01484375 0.0109375
0 0.50625 0.54375 0.0796875 0.03203125
0 0.525 0.48984375 0.08984375 0.04765625
0 0.5578125 0.6109375 0.08515625 0.02265625
0 0.5703125 0.621875 0.08984375 0.0375
0 0.5875 0.57578125 0.046875 0.0203125
0 0.63515625 0.58125 0.05390625 0.0203125
0 0.659375 0.69609375 0.05703125 0.0359375
0 0.7375 0.3421875 0.028125 0.04140625
0 0.76015625 0.390625 0.028125 0.0203125