0 0.76328125 0.46953125 0.03125 0.0328125
0 0.77265625 0.69921875 0.025 0.0328125
0 0.746875 0.63515625 0.03125 0.0296875
0 0.68046875 0.6125 0.0265625 0.0265625
0 0.66640625 0.6265625 0.034375 0.0484375
0 0.57734375 0.66171875 0.0375 0.059375
0 0.5203125 0.690625 0.0390625 0.0734375
0 0.38828125 0.54453125 0.071875 0.1109375
0 0.41875 0.7703125 0.040625 0.0546875
0 0.41796875 0.78671875 0.0375 0.05
0 0.3859375 0.8359375 0.0640625 0.1078125
0 0.29609375 0.85078125 0.053125 0.0640625
0 0.24140625 0.94609375 0.0828125 0.1078125