0 0.23515625 0.496875 0.028125 0.0296875
0 0.25 0.7265625 0.021875 0.03125
0 0.26875 0.66015625 0.028125 0.02734375
0 0.33203125 0.63046875 0.02421875 0.02421875
0 0.34765625 0.64296875 0.03046875 0.04609375
0 0.43984375 0.66875 0.03203125 0.05703125
0 0.5 0.69140625 0.03203125 0.0703125
0 0.615625 0.5328125 0.06171875 0.1046875
0 0.609375 0.76015625 0.03515625 0.0515625
0 0.61171875 0.7765625 0.03203125 0.046875
0 0.6484375 0.821875 0.05390625 0.10234375
0 0.7390625 0.82734375 0.046875 0.059375
0 0.80546875 0.9328125 0.06953125 0.13203125