0 0.05 0.846875 0.0921875 0.0828125
0 0.0703125 0.88671875 0.07421875 0.08046875
0 0.35703125 0.440625 0.0484375 0.065625
0 0.39453125 0.4078125 0.0390625 0.05859375
0 0.45703125 0.33515625 0.03046875 0.028125
0 0.4765625 0.22265625 0.02109375 0.0265625
0 0.48671875 0.33046875 0.02578125 0.0296875
0 0.52421875 0.603125 0.0671875 0.06015625
0 0.50859375 0.20390625 0.0234375 0.059375
0 0.53046875 0.6578125 0.0671875 0.0984375
0 0.53515625 0.271875 0.0234375 0.03671875
0 0.53515625 0.2109375 0.0203125 0.04609375
0 0.625 0.45625 0.0171875 0.05625
0 0.68515625 0.3125 0.0234375 0.021875
0 0.69609375 0.27109375 0.0140625 0.03125
0 0.75625 0.1921875 0.02578125 0.0421875
0 0.90390625 0.15546875 0.015625 0.034375
0 0.93125 0.2078125 0.0265625 0.025