0 0.0625 0.8625 0.0953125 0.0859375
0 0.084375 0.9015625 0.0765625 0.0828125
0 0.3546875 0.4453125 0.05 0.0671875
0 0.39140625 0.41171875 0.040625 0.059375
0 0.4515625 0.33671875 0.03125 0.0296875
0 0.4671875 0.2234375 0.021875 0.0265625
0 0.48046875 0.33125 0.0265625 0.03125
0 0.528125 0.60234375 0.06875 0.0625
0 0.4984375 0.20390625 0.025 0.0609375
0 0.5359375 0.65703125 0.0703125 0.1
0 0.52734375 0.27109375 0.025 0.0375
0 0.525 0.21015625 0.021875 0.046875
0 0.6234375 0.4515625 0.01875 0.05625
0 0.678125 0.30625 0.0234375 0.0234375
0 0.68828125 0.2640625 0.015625 0.03125
0 0.7453125 0.18359375 0.0265625 0.04375
0 0.89140625 0.14140625 0.0171875 0.034375
0 0.92109375 0.19296875 0.028125 0.0265625