0 0.1125 0.89453125 0.05 0.078125
0 0.11328125 0.753125 0.0484375 0.053125
0 0.12578125 0.33046875 0.06796875 0.09921875
0 0.15546875 0.51328125 0.02734375 0.0546875
0 0.1625 0.884375 0.040625 0.071875
0 0.2703125 0.4640625 0.0234375 0.0453125
0 0.528125 0.79765625 0.03671875 0.0375
0 0.571875 0.70859375 0.0265625 0.03515625
0 0.6015625 0.8875 0.03671875 0.05859375
0 0.62421875 0.6296875 0.021875 0.02734375
0 0.63984375 0.56015625 0.015625 0.02578125
0 0.7375 0.9765625 0.02265625 0.04140625
0 0.75703125 0.70078125 0.02265625 0.03671875
0 0.76484375 0.475 0.01875 0.01328125
0 0.88203125 0.6 0.01484375 0.02109375
0 0.92109375 0.58828125 0.03203125 0.03671875
0 0.9390625 0.95703125 0.02265625 0.02578125