0 0.8515625 0.9265625 0.05625 0.0828125
0 0.86328125 0.7859375 0.053125 0.0578125
0 0.8875 0.3640625 0.0765625 0.1046875
0 0.8421875 0.54296875 0.03125 0.05625
0 0.80234375 0.9125 0.046875 0.075
0 0.73203125 0.484375 0.0265625 0.046875
0 0.44609375 0.79375 0.040625 0.040625
0 0.41015625 0.7015625 0.0296875 0.0375
0 0.36484375 0.87734375 0.0421875 0.0609375
0 0.36484375 0.61875 0.0234375 0.0296875
0 0.35546875 0.54765625 0.0171875 0.0265625
0 0.221875 0.95390625 0.0265625 0.04375
0 0.2265625 0.67734375 0.025 0.0390625
0 0.23828125 0.45234375 0.0203125 0.015625
0 0.1109375 0.56640625 0.0171875 0.021875
0 0.07265625 0.5515625 0.034375 0.0390625
0 0.02265625 0.9171875 0.025 0.028125