0 0.06640625 0.6734375 0.01328125 0.02421875
0 0.1625 0.63046875 0.0140625 0.01640625
0 0.17109375 0.59609375 0.01796875 0.02109375
0 0.175 0.66640625 0.015625 0.01953125
0 0.36328125 0.51953125 0.04765625 0.0328125
0 0.35859375 0.45 0.03359375 0.0484375
0 0.4359375 0.61796875 0.01328125 0.02265625
0 0.5765625 0.63515625 0.0125 0.01171875
0 0.5875 0.63046875 0.0171875 0.01640625
0 0.690625 0.6328125 0.0109375 0.01640625
0 0.70078125 0.63046875 0.0203125 0.02734375
0 0.78203125 0.6203125 0.015625 0.02734375
0 0.84375 0.6265625 0.0171875 0.02265625
0 0.98125 0.5859375 0.015625 0.01328125