0 0.046875 0.61171875 0.0171875 0.0265625
0 0.14765625 0.58203125 0.015625 0.01875
0 0.1609375 0.54921875 0.0203125 0.0234375
0 0.1546875 0.61953125 0.01875 0.021875
0 0.36171875 0.5 0.0515625 0.0390625
0 0.3671875 0.43046875 0.040625 0.053125
0 0.4203125 0.6078125 0.015625 0.025
0 0.55703125 0.64453125 0.0140625 0.0140625
0 0.56875 0.64140625 0.01875 0.01875
0 0.6703125 0.6578125 0.0125 0.0171875
0 0.68046875 0.65703125 0.0234375 0.0296875
0 0.7625 0.65859375 0.01875 0.0296875
0 0.82265625 0.6734375 0.0203125 0.025
0 0.96484375 0.65234375 0.0171875 0.015625