0 0.09453125 0.371875 0.028125 0.02421875
0 0.13203125 0.44765625 0.0171875 0.03203125
0 0.1734375 0.3578125 0.025 0.02109375
0 0.23046875 0.425 0.015625 0.03203125
0 0.284375 0.3578125 0.01953125 0.03046875
0 0.315625 0.27421875 0.0171875 0.02265625
0 0.37421875 0.328125 0.0125 0.03046875
0 0.3828125 0.30546875 0.0234375 0.0453125
0 0.403125 0.43984375 0.02578125 0.0359375
0 0.45234375 0.30390625 0.0234375 0.0359375
0 0.49765625 0.37421875 0.015625 0.034375
0 0.5625 0.42109375 0.02734375 0.02421875
0 0.91953125 0.64609375 0.0421875 0.05625