0 0.9234375 0.45859375 0.0328125 0.0296875
0 0.87109375 0.525 0.0234375 0.034375
0 0.84921875 0.42890625 0.028125 0.0265625
0 0.77890625 0.4828125 0.021875 0.034375
0 0.740625 0.40546875 0.025 0.034375
0 0.72734375 0.3171875 0.021875 0.025
0 0.65859375 0.3578125 0.01875 0.0328125
0 0.6546875 0.334375 0.0328125 0.0484375
0 0.60703125 0.4609375 0.0328125 0.040625
0 0.5875 0.31796875 0.0296875 0.040625
0 0.528125 0.37734375 0.021875 0.0375
0 0.45546875 0.41015625 0.03125 0.0296875
0 0.059375 0.55546875 0.053125 0.0640625