0 0.65 0.903125 0.1625 0.165625
0 0.89296875 0.50546875 0.0765625 0.075
0 0.8609375 0.36015625 0.021875 0.03125
0 0.85859375 0.3953125 0.0265625 0.0296875
0 0.7796875 0.525 0.0765625 0.1109375
0 0.77109375 0.84765625 0.0859375 0.0890625
0 0.7078125 0.409375 0.03125 0.034375
0 0.6375 0.321875 0.0125 0.0125
0 0.6515625 0.5078125 0.0234375 0.0375
0 0.590625 0.275 0.0125 0.015625
0 0.54140625 0.27421875 0.028125 0.03125
0 0.490625 0.45703125 0.0234375 0.040625
0 0.46796875 0.4546875 0.021875 0.03125
0 0.39453125 0.50078125 0.0421875 0.053125
0 0.3265625 0.521875 0.0421875 0.0578125
0 0.27890625 0.57421875 0.04375 0.0625
0 0.171875 0.5984375 0.0375 0.0609375