0 0.4296875 0.92421875 0.13828125 0.14140625
0 0.115625 0.58046875 0.06640625 0.06328125
0 0.11875 0.43125 0.01640625 0.02890625
0 0.128125 0.465625 0.021875 0.02578125
0 0.23046875 0.578125 0.0578125 0.1015625
0 0.3 0.89296875 0.0734375 0.07578125
0 0.27890625 0.45078125 0.0265625 0.03046875
0 0.33125 0.3515625 0.0109375 0.0109375
0 0.35234375 0.53671875 0.0171875 0.03515625
0 0.36796875 0.29609375 0.01015625 0.0140625
0 0.41640625 0.2859375 0.0234375 0.0265625
0 0.50078125 0.45625 0.01640625 0.03828125
0 0.52265625 0.44921875 0.01640625 0.02890625
0 0.60390625 0.48046875 0.03359375 0.046875
0 0.67421875 0.48828125 0.0328125 0.053125
0 0.73125 0.53046875 0.0328125 0.05703125
0 0.840625 0.534375 0.0265625 0.05703125