0 0.15 0.3921875 0.0109375 0.01953125
0 0.31171875 0.85703125 0.04140625 0.05
0 0.36796875 0.77109375 0.028125 0.0609375
0 0.38125 0.50625 0.021875 0.0328125
0 0.48125 0.66796875 0.0265625 0.0328125
0 0.5796875 0.54921875 0.01015625 0.0171875
0 0.584375 0.54140625 0.0140625 0.01796875
0 0.59609375 0.47734375 0.0125 0.01875
0 0.6703125 0.83984375 0.028125 0.04609375
0 0.6796875 0.809375 0.03046875 0.0234375
0 0.68984375 0.73984375 0.0359375 0.03828125
0 0.69609375 0.72890625 0.0328125 0.02734375
0 0.69375 0.63984375 0.0171875 0.0328125
0 0.69453125 0.578125 0.015625 0.0140625
0 0.69765625 0.58984375 0.01953125 0.0203125
0 0.7 0.47890625 0.0125 0.01484375
0 0.70703125 0.6171875 0.0265625 0.02734375
0 0.7125 0.5359375 0.0140625 0.01796875
0 0.825 0.5421875 0.01796875 0.015625
0 0.83046875 0.5296875 0.0203125 0.01328125
0 0.8609375 0.58359375 0.0109375 0.02890625
0 0.8890625 0.6421875 0.0171875 0.02734375
0 0.95 0.80078125 0.04296875 0.04765625