0 0.13828125 0.4421875 0.0140625 0.0203125
0 0.36328125 0.8796875 0.0484375 0.0546875
0 0.40703125 0.78671875 0.0359375 0.0640625
0 0.38359375 0.52265625 0.0265625 0.0359375
0 0.5046875 0.66875 0.03125 0.0359375
0 0.5859375 0.5375 0.0125 0.01875
0 0.5890625 0.52890625 0.0171875 0.0203125
0 0.5921875 0.4640625 0.015625 0.0203125
0 0.715625 0.8125 0.034375 0.05
0 0.72109375 0.78125 0.0328125 0.028125
0 0.72109375 0.7109375 0.040625 0.0421875
0 0.72578125 0.69921875 0.0359375 0.03125
0 0.7109375 0.61171875 0.021875 0.034375
0 0.703125 0.55 0.0171875 0.015625
0 0.70859375 0.56171875 0.021875 0.0234375
0 0.6953125 0.4515625 0.0140625 0.0171875
0 0.72109375 0.5875 0.0296875 0.03125
0 0.715625 0.50625 0.0171875 0.0203125
0 0.82734375 0.496875 0.0203125 0.01875
0 0.83125 0.48359375 0.021875 0.015625
0 0.86875 0.5328125 0.015625 0.0296875
0 0.9046875 0.58671875 0.0203125 0.0296875
0 0.98125 0.734375 0.0375 0.053125