0 0.97890625 0.63125 0.0421875 0.14375
0 0.91484375 0.52734375 0.0296875 0.053125
0 0.815625 0.56171875 0.0421875 0.0421875
0 0.75 0.5625 0.021875 0.0234375
0 0.721875 0.80859375 0.0703125 0.090625
0 0.67265625 0.74453125 0.0640625 0.0984375
0 0.5984375 0.44140625 0.0328125 0.0359375
0 0.51015625 0.30703125 0.0390625 0.0640625
0 0.44765625 0.48671875 0.028125 0.0296875
0 0.46484375 0.5765625 0.028125 0.046875
0 0.38125 0.59140625 0.0234375 0.04375
0 0.13046875 0.5484375 0.01875 0.028125
0 0.04921875 0.58515625 0.03125 0.0421875
0 0.0828125 0.83828125 0.0265625 0.0234375