0 0.0359375 0.7328125 0.0609375 0.13359375
0 0.1 0.61328125 0.0203125 0.04921875
0 0.20390625 0.62578125 0.0359375 0.03515625
0 0.26875 0.61328125 0.0171875 0.02109375
0 0.346875 0.84765625 0.0546875 0.08125
0 0.38203125 0.775 0.04609375 0.090625
0 0.39140625 0.46328125 0.0265625 0.03046875
0 0.45 0.31328125 0.0265625 0.06015625
0 0.5484375 0.47578125 0.0234375 0.02578125
0 0.55 0.56796875 0.01953125 0.04453125
0 0.63515625 0.56484375 0.015625 0.040625
0 0.871875 0.4703125 0.0140625 0.02578125
0 0.95859375 0.48984375 0.0234375 0.03828125
0 0.978125 0.74453125 0.0234375 0.01875