0 0.16015625 0.5796875 0.259375 0.60234375
0 0.0078125 0.3421875 0.015625 0.02734375
0 0.05078125 0.53359375 0.1015625 0.4140625
0 0.2171875 0.4609375 0.02734375 0.06875
0 0.2640625 0.3609375 0.0234375 0.0421875
0 0.2734375 0.334375 0.0265625 0.040625
0 0.50625 0.34921875 0.0703125 0.096875
0 0.56171875 0.7421875 0.040625 0.06171875
0 0.640625 0.5234375 0.0671875 0.08984375
0 0.7203125 0.8640625 0.0359375 0.06015625
0 0.9609375 0.5671875 0.0765625 0.06171875
0 0.9640625 0.88203125 0.0703125 0.115625