0 0.55078125 0.58203125 0.1046875 0.1046875
0 0.78515625 0.26640625 0.0203125 0.0390625
0 0.6453125 0.16328125 0.0765625 0.0765625
0 0.5796875 0.1859375 0.0625 0.065625
0 0.56328125 0.13203125 0.05625 0.0703125
0 0.47109375 0.54296875 0.05 0.0546875
0 0.52734375 0.28671875 0.0203125 0.0484375
0 0.35 0.5734375 0.0734375 0.0796875
0 0.4078125 0.246875 0.0390625 0.0640625
0 0.1734375 0.9015625 0.1078125 0.10625
0 0.21484375 0.3484375 0.053125 0.0796875
0 0.13671875 0.22578125 0.0265625 0.053125
0 0.10625 0.04921875 0.053125 0.0984375