0 0.4359375 0.571875 0.08984375 0.08984375
0 0.259375 0.2203125 0.0140625 0.03671875
0 0.415625 0.14296875 0.06640625 0.06640625
0 0.47578125 0.1765625 0.05390625 0.05703125
0 0.5015625 0.1265625 0.0453125 0.06328125
0 0.52109375 0.54765625 0.0421875 0.0484375
0 0.51015625 0.28515625 0.0125 0.046875
0 0.63515625 0.5984375 0.0625 0.0703125
0 0.63515625 0.26640625 0.0296875 0.06015625
0 0.7515625 0.95234375 0.09375 0.09140625
0 0.80703125 0.4 0.04140625 0.0734375
0 0.90546875 0.29296875 0.01875 0.05
0 0.96640625 0.12421875 0.0375 0.0953125