0 0.9140625 0.39453125 0.0125 0.0171875
0 0.90625 0.41640625 0.009375 0.0125
0 0.7734375 0.27578125 0.01875 0.0171875
0 0.740625 0.41640625 0.0125 0.0140625
0 0.66953125 0.31953125 0.0109375 0.015625
0 0.63125 0.228125 0.0109375 0.0171875
0 0.58828125 0.33984375 0.0125 0.0125
0 0.54609375 0.303125 0.0125 0.015625
0 0.50703125 0.2734375 0.0109375 0.0140625
0 0.428125 0.22734375 0.0171875 0.015625
0 0.43046875 0.20703125 0.01875 0.0140625
0 0.37109375 0.221875 0.0140625 0.0125
0 0.3484375 0.16875 0.0125 0.0125
0 0.2015625 0.5796875 0.134375 0.109375
0 0.309375 0.17578125 0.0109375 0.0125
0 0.15859375 0.6671875 0.059375 0.0484375
0 0.27578125 0.11640625 0.0140625 0.0140625
0 0.19609375 0.22734375 0.0140625 0.0125
0 0.2 0.18515625 0.0125 0.015625
0 0.146875 0.17265625 0.015625 0.015625