0 0.1140625 0.3171875 0.009375 0.015625
0 0.1171875 0.340625 0.0078125 0.0109375
0 0.27421875 0.22734375 0.015625 0.01484375
0 0.2796875 0.371875 0.01015625 0.0125
0 0.36796875 0.290625 0.0078125 0.0140625
0 0.4234375 0.2078125 0.00859375 0.015625
0 0.44375 0.32578125 0.0109375 0.01015625
0 0.4921875 0.29765625 0.0109375 0.01328125
0 0.5359375 0.2765625 0.0078125 0.01328125
0 0.62265625 0.24609375 0.01484375 0.01328125
0 0.62421875 0.22578125 0.0171875 0.01171875
0 0.6796875 0.2515625 0.01328125 0.009375
0 0.71171875 0.20390625 0.01015625 0.0109375
0 0.778125 0.63515625 0.1203125 0.08828125
0 0.74921875 0.21796875 0.00859375 0.01171875
0 0.803125 0.72890625 0.05234375 0.03984375
0 0.79296875 0.16640625 0.01171875 0.01171875
0 0.85 0.290625 0.0125 0.0109375
0 0.8546875 0.2484375 0.009375 0.01484375
0 0.909375 0.24609375 0.0140625 0.01328125