0 0.00546875 0.4734375 0.0109375 0.021875
0 0.00390625 0.3796875 0.0078125 0.01875
0 0.15 0.95625 0.015625 0.021875
0 0.11171875 0.73046875 0.01875 0.015625
0 0.1125 0.71953125 0.015625 0.0125
0 0.02890625 0.375 0.0109375 0.0140625
0 0.13984375 0.7703125 0.0171875 0.0203125
0 0.08515625 0.5640625 0.01875 0.021875
0 0.053125 0.44453125 0.015625 0.0171875
0 0.15859375 0.8390625 0.0125 0.0171875
0 0.0625 0.32578125 0.015625 0.0171875
0 0.10703125 0.46640625 0.0171875 0.0265625
0 0.1421875 0.56640625 0.0203125 0.0328125
0 0.0921875 0.365625 0.0125 0.0203125
0 0.12578125 0.4671875 0.0140625 0.028125
0 0.26953125 0.9375 0.0203125 0.0171875
0 0.12421875 0.3546875 0.0125 0.01875
0 0.18671875 0.571875 0.0171875 0.0234375
0 0.12890625 0.3515625 0.0125 0.0171875
0 0.27109375 0.69140625 0.0109375 0.0140625
0 0.18203125 0.346875 0.0109375 0.015625
0 0.3328125 0.8859375 0.015625 0.0171875
0 0.321875 0.77890625 0.0125 0.0125
0 0.36953125 0.8859375 0.0125 0.01875
0 0.2953125 0.40546875 0.0140625 0.0203125
0 0.43359375 0.765625 0.01875 0.025
0 0.41640625 0.62578125 0.0171875 0.0265625
0 0.45625 0.6234375 0.0171875 0.025
0 0.396875 0.37734375 0.0203125 0.0265625
0 0.3703125 0.27109375 0.0125 0.0140625
0 0.3796875 0.2875 0.0140625 0.015625
0 0.41484375 0.26484375 0.0140625 0.0171875
0 0.43984375 0.3578125 0.0109375 0.0140625
0 0.6328125 0.70625 0.028125 0.0484375
0 0.65703125 0.63515625 0.0859375 0.121875
0 0.75625 0.640625 0.0796875 0.1484375