0 0.0265625 0.34609375 0.01171875 0.01953125
0 0.03046875 0.25078125 0.0140625 0.01484375
0 0.04375 0.85 0.01015625 0.01953125
0 0.065625 0.621875 0.0171875 0.0109375
0 0.06875 0.61171875 0.0140625 0.009375
0 0.07734375 0.25703125 0.00859375 0.0125
0 0.08203125 0.66796875 0.0125 0.01796875
0 0.0828125 0.4546875 0.0140625 0.01953125
0 0.0828125 0.33046875 0.0125 0.01484375
0 0.0828125 0.7390625 0.0078125 0.01640625
0 0.12265625 0.21875 0.01171875 0.0140625
0 0.12890625 0.365625 0.01171875 0.02421875
0 0.1375 0.471875 0.01328125 0.03046875
0 0.140625 0.26484375 0.00859375 0.01796875
0 0.146875 0.37109375 0.0078125 0.02734375
0 0.1640625 0.86328125 0.0171875 0.0125
0 0.175 0.2625 0.00859375 0.01640625
0 0.17890625 0.48828125 0.01171875 0.02109375
0 0.1796875 0.26015625 0.00859375 0.01484375
0 0.2296875 0.62578125 0.00859375 0.0125
0 0.2328125 0.26953125 0.00703125 0.01484375
0 0.23828125 0.8296875 0.01171875 0.01484375
0 0.25546875 0.7234375 0.01015625 0.0109375
0 0.27421875 0.8390625 0.00859375 0.01640625
0 0.3265625 0.35546875 0.00859375 0.01953125
0 0.3671875 0.7390625 0.0140625 0.02265625
0 0.38671875 0.6 0.0109375 0.02421875
0 0.42578125 0.6078125 0.0125 0.02265625
0 0.43203125 0.3546875 0.0140625 0.02421875
0 0.43359375 0.2453125 0.01015625 0.0125
0 0.4390625 0.2640625 0.01015625 0.0140625
0 0.47890625 0.25078125 0.01015625 0.01484375
0 0.47890625 0.346875 0.0078125 0.0125
0 0.575 0.73359375 0.0171875 0.0453125
0 0.61640625 0.67109375 0.06015625 0.109375
0 0.7109375 0.70234375 0.04453125 0.14140625