0 0.9703125 0.32578125 0.059375 0.1578125
0 0.00546875 0.5453125 0.0109375 0.021875
0 0.03359375 0.43515625 0.028125 0.0359375
0 0.078125 0.403125 0.028125 0.040625
0 0.09609375 0.5375 0.025 0.0265625
0 0.13984375 0.3890625 0.0390625 0.04375
0 0.1625 0.40703125 0.028125 0.0375
0 0.159375 0.56640625 0.0265625 0.03125
0 0.26796875 0.3359375 0.053125 0.059375
0 0.2296875 0.58828125 0.0328125 0.034375
0 0.3109375 0.61171875 0.034375 0.04375
0 0.409375 0.384375 0.0359375 0.059375
0 0.409375 0.6140625 0.046875 0.05
0 0.50859375 0.290625 0.059375 0.08125
0 0.61015625 0.10859375 0.0375 0.0484375
0 0.59140625 0.6734375 0.034375 0.025
0 0.7640625 0.38046875 0.059375 0.0796875