0 0.95859375 0.26015625 0.07265625 0.14921875
0 0.01015625 0.61484375 0.0203125 0.01953125
0 0.02890625 0.50078125 0.02421875 0.0328125
0 0.06875 0.4625 0.0234375 0.0375
0 0.10546875 0.59296875 0.02109375 0.02421875
0 0.128125 0.440625 0.03359375 0.0390625
0 0.153125 0.4546875 0.0234375 0.034375
0 0.171875 0.61328125 0.0234375 0.02890625
0 0.24765625 0.36953125 0.0453125 0.05390625
0 0.24453125 0.625 0.02890625 0.03125
0 0.328125 0.63671875 0.02890625 0.040625
0 0.39453125 0.3984375 0.02890625 0.05546875
0 0.42578125 0.62578125 0.04140625 0.0453125
0 0.4796875 0.29140625 0.05 0.075
0 0.5546875 0.096875 0.03203125 0.04375
0 0.61484375 0.659375 0.03125 0.02109375
0 0.74453125 0.3453125 0.04921875 0.0734375