0 0.2421875 0.46171875 0.0265625 0.0203125
0 0.26328125 0.35 0.02890625 0.0359375
0 0.30625 0.3421875 0.02109375 0.0359375
0 0.32265625 0.35625 0.0203125 0.04765625
0 0.33359375 0.2171875 0.01484375 0.0140625
0 0.34765625 0.2328125 0.015625 0.02578125
0 0.378125 0.26796875 0.01875 0.0203125
0 0.4078125 0.2828125 0.01328125 0.01796875
0 0.4265625 0.30078125 0.0203125 0.02578125
0 0.43046875 0.346875 0.015625 0.0296875
0 0.465625 0.37421875 0.025 0.028125
0 0.48125 0.25703125 0.02265625 0.05
0 0.4890625 0.396875 0.02109375 0.021875
0 0.53828125 0.45078125 0.025 0.034375
0 0.5703125 0.54296875 0.02265625 0.0421875
0 0.61875 0.57265625 0.025 0.02578125
0 0.628125 0.2140625 0.01484375 0.028125
0 0.6375 0.59921875 0.0265625 0.03828125
0 0.7234375 0.3078125 0.02265625 0.0359375
0 0.7453125 0.35234375 0.02109375 0.04375
0 0.80703125 0.828125 0.03203125 0.03203125
0 0.8296875 0.83125 0.034375 0.05