0 0.253125 0.4171875 0.0296875 0.025
0 0.29296875 0.3109375 0.034375 0.040625
0 0.33671875 0.3109375 0.0265625 0.0390625
0 0.35 0.32734375 0.028125 0.05
0 0.38515625 0.19296875 0.0171875 0.0171875
0 0.39609375 0.21015625 0.0203125 0.028125
0 0.4203125 0.25 0.021875 0.0234375
0 0.446875 0.2703125 0.015625 0.0203125
0 0.4625 0.29140625 0.025 0.0296875
0 0.4578125 0.3375 0.0203125 0.03125
0 0.48828125 0.3703125 0.0296875 0.0328125
0 0.5234375 0.2578125 0.03125 0.053125
0 0.50703125 0.396875 0.025 0.025
0 0.54609375 0.4578125 0.03125 0.0375
0 0.56171875 0.5546875 0.0296875 0.0453125
0 0.6046875 0.5921875 0.0296875 0.0296875
0 0.67578125 0.240625 0.01875 0.0296875
0 0.61796875 0.621875 0.0328125 0.0421875
0 0.753125 0.34921875 0.028125 0.0390625
0 0.7671875 0.396875 0.028125 0.046875
0 0.7453125 0.8765625 0.0375 0.0375
0 0.7671875 0.88359375 0.0421875 0.0546875