0 0.01484375 0.39375 0.0140625 0.0109375
0 0.01875 0.73671875 0.021875 0.0359375
0 0.04296875 0.6359375 0.0171875 0.0265625
0 0.07109375 0.40234375 0.0109375 0.0109375
0 0.07109375 0.459375 0.015625 0.0171875
0 0.1015625 0.38984375 0.0125 0.00625
0 0.10703125 0.3953125 0.0125 0.0078125
0 0.21171875 0.671875 0.021875 0.0265625
0 0.2328125 0.4625 0.0109375 0.0140625
0 0.24140625 0.41640625 0.009375 0.0109375
0 0.28125 0.45625 0.0125 0.0046875
0 0.4296875 0.571875 0.0359375 0.0359375
0 0.44296875 0.4859375 0.0375 0.0359375
0 0.47890625 0.865625 0.1265625 0.0875
0 0.528125 0.47421875 0.0140625 0.0109375
0 0.646875 0.52109375 0.01875 0.0171875
0 0.6546875 0.52734375 0.015625 0.01875
0 0.765625 0.45390625 0.009375 0.0125
0 0.79140625 0.46796875 0.0125 0.0125
0 0.803125 0.9390625 0.0625 0.078125
0 0.88671875 0.6359375 0.0609375 0.06875
0 0.959375 0.4609375 0.01875 0.0125
0 0.97109375 0.50703125 0.009375 0.0140625