0 0.01171875 0.4109375 0.0140625 0.01015625
0 0.02734375 0.753125 0.02109375 0.0359375
0 0.04765625 0.6515625 0.01640625 0.02578125
0 0.06796875 0.4171875 0.0109375 0.01015625
0 0.0703125 0.47421875 0.015625 0.0171875
0 0.09765625 0.40390625 0.01171875 0.00625
0 0.10390625 0.409375 0.01171875 0.00703125
0 0.21796875 0.68203125 0.0203125 0.0265625
0 0.23203125 0.471875 0.0109375 0.0140625
0 0.23828125 0.42578125 0.009375 0.0109375
0 0.2796875 0.4640625 0.01171875 0.0046875
0 0.43203125 0.57421875 0.034375 0.034375
0 0.4421875 0.48828125 0.0359375 0.034375
0 0.49140625 0.86640625 0.12421875 0.0828125
0 0.52734375 0.4734375 0.0140625 0.01015625
0 0.64765625 0.515625 0.01796875 0.0171875
0 0.65546875 0.521875 0.015625 0.01875
0 0.7640625 0.44453125 0.009375 0.01171875
0 0.78984375 0.4578125 0.01171875 0.0125
0 0.81796875 0.928125 0.059375 0.0765625
0 0.89140625 0.62265625 0.059375 0.06640625
0 0.9578125 0.4453125 0.01796875 0.0125
0 0.97109375 0.490625 0.009375 0.0140625