0 0.9046875 0.64140625 0.0375 0.053125
0 0.9296875 0.3875 0.0328125 0.0375
0 0.8609375 0.65546875 0.0296875 0.021875
0 0.82421875 0.33203125 0.040625 0.040625
0 0.76796875 0.3734375 0.0359375 0.053125
0 0.78203125 0.18359375 0.040625 0.046875
0 0.54296875 0.6921875 0.0453125 0.0328125
0 0.40546875 0.671875 0.0375 0.0421875
0 0.36015625 0.7609375 0.04375 0.0421875
0 0.42578125 0.1296875 0.01875 0.040625
0 0.3671875 0.36015625 0.03125 0.0484375
0 0.36640625 0.30234375 0.0359375 0.046875
0 0.3265625 0.23359375 0.04375 0.0625
0 0.3203125 0.20859375 0.0328125 0.040625
0 0.31953125 0.17890625 0.0453125 0.053125