0 0.075 0.55390625 0.028125 0.0484375
0 0.103125 0.30078125 0.0265625 0.0328125
0 0.11484375 0.57734375 0.02734375 0.0171875
0 0.21796875 0.26796875 0.03359375 0.03515625
0 0.2640625 0.3203125 0.02578125 0.04921875
0 0.28984375 0.13203125 0.0328125 0.04140625
0 0.41796875 0.67890625 0.040625 0.02421875
0 0.55703125 0.6875 0.03125 0.0359375
0 0.5828125 0.784375 0.0375 0.03515625
0 0.65 0.153125 0.0109375 0.0390625
0 0.659375 0.390625 0.0234375 0.04375
0 0.671875 0.334375 0.02734375 0.04140625
0 0.725 0.27578125 0.0328125 0.05703125
0 0.73671875 0.25234375 0.0265625 0.03515625
0 0.74296875 0.2234375 0.0359375 0.04609375