0 0.246875 0.8171875 0.07109375 0.11484375
0 0.028125 0.81796875 0.0390625 0.04140625
0 0.1015625 0.75703125 0.0515625 0.0453125
0 0.1203125 0.85859375 0.0484375 0.0484375
0 0.14765625 0.91015625 0.07109375 0.07421875
0 0.1703125 0.865625 0.0484375 0.06015625
0 0.3953125 0.896875 0.0453125 0.07421875
0 0.51875 0.959375 0.02890625 0.065625
0 0.65078125 0.93359375 0.0578125 0.1171875
0 0.75390625 0.9484375 0.0625 0.1015625
0 0.81015625 0.49921875 0.0109375 0.02109375
0 0.99375 0.678125 0.0109375 0.02890625