0 0.02578125 0.76875 0.0203125 0.0296875
0 0.0625 0.6796875 0.021875 0.040625
0 0.08203125 0.76015625 0.0328125 0.05
0 0.090625 0.865625 0.0625 0.146875
0 0.10390625 0.77109375 0.021875 0.046875
0 0.128125 0.76484375 0.040625 0.0390625
0 0.2546875 0.54609375 0.040625 0.071875
0 0.2859375 0.54765625 0.046875 0.0671875
0 0.43359375 0.590625 0.0609375 0.0734375
0 0.48984375 0.9296875 0.0796875 0.1296875
0 0.52578125 0.9296875 0.06875 0.1078125
0 0.5421875 0.96875 0.059375 0.0625
0 0.63671875 0.95703125 0.0703125 0.0859375
0 0.8703125 0.9640625 0.159375 0.071875