0 0.05625 0.8171875 0.01796875 0.02734375
0 0.08359375 0.72421875 0.0171875 0.0390625
0 0.11171875 0.80234375 0.02734375 0.04765625
0 0.13125 0.90625 0.04765625 0.1421875
0 0.134375 0.8109375 0.01796875 0.0453125
0 0.1578125 0.80234375 0.03671875 0.0359375
0 0.2609375 0.57109375 0.034375 0.06875
0 0.2921875 0.56953125 0.040625 0.06328125
0 0.44375 0.596875 0.0546875 0.06875
0 0.53515625 0.928125 0.0671875 0.12265625
0 0.5703125 0.925 0.0578125 0.1015625
0 0.5921875 0.965625 0.05234375 0.065625
0 0.68515625 0.94921875 0.06015625 0.09921875
0 0.9203125 0.946875 0.14921875 0.103125