0 0.01640625 0.58203125 0.0203125 0.040625
0 0.01328125 0.3015625 0.0109375 0.02578125
0 0.0390625 0.6546875 0.01484375 0.03125
0 0.053125 0.4734375 0.01328125 0.02890625
0 0.07421875 0.56484375 0.015625 0.02421875
0 0.253125 0.6234375 0.01953125 0.03125
0 0.29375 0.18515625 0.01640625 0.02109375
0 0.30703125 0.18203125 0.01328125 0.02265625
0 0.5734375 0.17265625 0.0484375 0.040625
0 0.66875 0.28203125 0.01953125 0.021875
0 0.775 0.36328125 0.0203125 0.02578125
0 0.94296875 0.39140625 0.0203125 0.02734375