0 0.01640625 0.915625 0.0328125 0.04296875
0 0.0328125 0.89140625 0.0421875 0.03984375
0 0.0265625 0.7984375 0.028125 0.0390625
0 0.06796875 0.6546875 0.0234375 0.04140625
0 0.1375 0.6953125 0.0140625 0.01953125
0 0.171875 0.53984375 0.02265625 0.02421875
0 0.2234375 0.60078125 0.01171875 0.015625
0 0.3109375 0.53046875 0.00859375 0.01328125
0 0.334375 0.715625 0.021875 0.02421875
0 0.35625 0.54765625 0.015625 0.02109375
0 0.36640625 0.65859375 0.02109375 0.028125
0 0.40234375 0.48671875 0.0125 0.02265625
0 0.4609375 0.5203125 0.0125 0.02109375