0 0.1125 0.99140625 0.040625 0.0171875
0 0.1234375 0.97734375 0.05 0.0453125
0 0.09921875 0.890625 0.0359375 0.04375
0 0.109375 0.74140625 0.03125 0.0453125
0 0.1859375 0.76640625 0.0171875 0.021875
0 0.1875 0.60703125 0.0265625 0.028125
0 0.25078125 0.65625 0.0140625 0.0171875
0 0.32109375 0.56875 0.0109375 0.0140625
0 0.3828125 0.7453125 0.0265625 0.028125
0 0.36953125 0.5765625 0.0203125 0.0234375
0 0.40234375 0.6828125 0.0265625 0.03125
0 0.4015625 0.50703125 0.0171875 0.025
0 0.465625 0.528125 0.0171875 0.0234375