0 0.01328125 0.76328125 0.01875 0.075
0 0.05546875 0.78984375 0.028125 0.0234375
0 0.08359375 0.59375 0.0171875 0.0375
0 0.14140625 0.5703125 0.0125 0.0296875
0 0.24765625 0.6109375 0.1578125 0.16875
0 0.47109375 0.59140625 0.1421875 0.1578125
0 0.58515625 0.81640625 0.034375 0.0640625
0 0.64140625 0.58125 0.0203125 0.021875
0 0.64375 0.74140625 0.009375 0.025
0 0.68515625 0.81796875 0.0234375 0.0234375
0 0.71171875 0.6046875 0.0203125 0.0421875
0 0.7609375 0.6421875 0.0140625 0.0390625
0 0.79609375 0.628125 0.028125 0.0265625
0 0.83828125 0.590625 0.028125 0.0359375
0 0.9453125 0.5734375 0.015625 0.034375
0 0.98359375 0.50078125 0.01875 0.028125