0 0.0328125 0.796875 0.0140625 0.0734375
0 0.0765625 0.8203125 0.0265625 0.021875
0 0.09140625 0.62265625 0.01484375 0.03671875
0 0.146875 0.5953125 0.0109375 0.02890625
0 0.25625 0.628125 0.146875 0.159375
0 0.47734375 0.59296875 0.1328125 0.1484375
0 0.60703125 0.809375 0.0296875 0.06171875
0 0.646875 0.57109375 0.01953125 0.0203125
0 0.66015625 0.73046875 0.0078125 0.02421875
0 0.70703125 0.80390625 0.021875 0.02265625
0 0.71875 0.58984375 0.01796875 0.040625
0 0.7703125 0.6234375 0.0109375 0.03828125
0 0.8046875 0.60703125 0.02578125 0.02421875
0 0.84375 0.5671875 0.02578125 0.034375
0 0.9359375 0.9875 0.0140625 0.02265625
0 0.94921875 0.5421875 0.0140625 0.0328125
0 0.9828125 0.4671875 0.0171875 0.02734375