0 0.0484375 0.81953125 0.08125 0.35859375
0 0.15625 0.821875 0.21015625 0.353125
0 0.10546875 0.5671875 0.03359375 0.08515625
0 0.3453125 0.65234375 0.04765625 0.18203125
0 0.4015625 0.6375 0.08125 0.16484375
0 0.62578125 0.6671875 0.36640625 0.25859375
0 0.4734375 0.65859375 0.04609375 0.13671875
0 0.4796875 0.5640625 0.0296875 0.06796875
0 0.54765625 0.60234375 0.06484375 0.121875
0 0.6359375 0.68828125 0.02734375 0.06015625
0 0.728125 0.8203125 0.0484375 0.10703125
0 0.95390625 0.7484375 0.05234375 0.36015625
0 0.98671875 0.721875 0.0234375 0.33359375