0 0.0484375 0.81953125 0.08125 0.359375
0 0.15625 0.821875 0.209375 0.353125
0 0.10546875 0.5671875 0.034375 0.084375
0 0.3453125 0.65234375 0.046875 0.18125
0 0.4015625 0.6375 0.08125 0.165625
0 0.62578125 0.6671875 0.365625 0.259375
0 0.4734375 0.65859375 0.046875 0.1375
0 0.4796875 0.5640625 0.0296875 0.06875
0 0.54765625 0.60234375 0.065625 0.121875
0 0.6359375 0.68828125 0.028125 0.059375
0 0.728125 0.8203125 0.0484375 0.10625
0 0.95390625 0.7484375 0.053125 0.359375
0 0.98671875 0.721875 0.0234375 0.334375