0 0.00390625 0.60546875 0.0078125 0.0140625
0 0.0046875 0.671875 0.009375 0.015625
0 0.0078125 0.61171875 0.0109375 0.0140625
0 0.06953125 0.58515625 0.0078125 0.0125
0 0.0765625 0.5890625 0.0046875 0.0125
0 0.10234375 0.7140625 0.0125 0.0234375
0 0.10859375 0.721875 0.0125 0.021875
0 0.1484375 0.58828125 0.0125 0.0109375
0 0.1546875 0.7140625 0.0078125 0.01875
0 0.1671875 0.71875 0.0265625 0.028125
0 0.2171875 0.63203125 0.009375 0.0109375
0 0.2203125 0.6359375 0.0109375 0.0125
0 0.25078125 0.92890625 0.0296875 0.046875
0 0.253125 0.66953125 0.0109375 0.015625
0 0.259375 0.690625 0.009375 0.0140625
0 0.26484375 0.68828125 0.0109375 0.0109375
0 0.30859375 0.6546875 0.009375 0.0140625
0 0.31171875 0.93046875 0.0328125 0.028125
0 0.3078125 0.909375 0.0171875 0.01875
0 0.34375 0.64765625 0.0109375 0.0171875
0 0.353125 0.65234375 0.009375 0.015625
0 0.36328125 0.85859375 0.0328125 0.025
0 0.3953125 0.6671875 0.015625 0.015625
0 0.40546875 0.6640625 0.0109375 0.015625
0 0.40078125 0.84140625 0.0140625 0.0203125
0 0.5 0.80234375 0.040625 0.040625
0 0.59609375 0.7234375 0.0109375 0.0109375
0 0.59609375 0.69765625 0.0078125 0.0140625
0 0.6046875 0.6578125 0.0046875 0.0125
0 0.60390625 0.696875 0.00625 0.0125
0 0.61015625 0.6578125 0.0078125 0.015625
0 0.65078125 0.71015625 0.0109375 0.0171875
0 0.66640625 0.80625 0.0234375 0.0296875
0 0.721875 0.74921875 0.025 0.0296875
0 0.72109375 0.74765625 0.0171875 0.0296875
0 0.74765625 0.7125 0.0125 0.0234375
0 0.7578125 0.88125 0.0421875 0.0375
0 0.75390625 0.66015625 0.0109375 0.0171875
0 0.77109375 0.69140625 0.0125 0.0109375
0 0.77578125 0.8765625 0.0265625 0.0359375
0 0.79140625 0.6765625 0.0109375 0.0140625
0 0.79453125 0.6234375 0.0078125 0.0109375
0 0.82421875 0.8859375 0.028125 0.028125
0 0.84609375 0.746875 0.015625 0.0234375
0 0.8453125 0.81328125 0.01875 0.0234375
0 0.84609375 0.7546875 0.0109375 0.021875
0 0.87265625 0.63984375 0.00625 0.0078125
0 0.87578125 0.63203125 0.0078125 0.009375
0 0.88515625 0.7171875 0.0234375 0.0203125
0 0.9 0.77890625 0.0140625 0.03125
0 0.93828125 0.6671875 0.00625 0.009375
0 0.9765625 0.68984375 0.0140625 0.0140625
0 0.98359375 0.65625 0.0109375 0.0140625