0 0.00703125 0.6234375 0.00859375 0.01328125
0 0.01015625 0.68984375 0.0109375 0.015625
0 0.01171875 0.62890625 0.0109375 0.0140625
0 0.07265625 0.6 0.00703125 0.01171875
0 0.0796875 0.60390625 0.0046875 0.0125
0 0.11015625 0.728125 0.01171875 0.02265625
0 0.11640625 0.73515625 0.0125 0.02109375
0 0.1515625 0.60078125 0.01171875 0.01015625
0 0.1625 0.72578125 0.0078125 0.01796875
0 0.175 0.73046875 0.025 0.02734375
0 0.221875 0.6421875 0.009375 0.01015625
0 0.225 0.6453125 0.0109375 0.01171875
0 0.265625 0.9375 0.028125 0.0453125
0 0.259375 0.678125 0.0109375 0.015625
0 0.26640625 0.69921875 0.009375 0.01328125
0 0.271875 0.69609375 0.0109375 0.01015625
0 0.3140625 0.6609375 0.00859375 0.0140625
0 0.3265625 0.93671875 0.03125 0.02734375
0 0.321875 0.915625 0.0171875 0.01796875
0 0.34921875 0.653125 0.0109375 0.0171875
0 0.35859375 0.65703125 0.009375 0.015625
0 0.37578125 0.86328125 0.03125 0.02421875
0 0.4015625 0.67109375 0.015625 0.01484375
0 0.4109375 0.6671875 0.01015625 0.01484375
0 0.4125 0.84453125 0.0140625 0.01953125
0 0.5109375 0.80234375 0.0390625 0.03984375
0 0.60390625 0.7203125 0.0109375 0.01015625
0 0.603125 0.69453125 0.0078125 0.01328125
0 0.61015625 0.65390625 0.00390625 0.0125
0 0.6109375 0.69296875 0.00546875 0.01171875
0 0.615625 0.65390625 0.00703125 0.015625
0 0.6578125 0.7046875 0.01015625 0.0171875
0 0.67734375 0.8 0.021875 0.0296875
0 0.73046875 0.74140625 0.02421875 0.02890625
0 0.7296875 0.73984375 0.015625 0.02890625
0 0.7546875 0.70390625 0.0109375 0.02265625
0 0.77109375 0.871875 0.04140625 0.0359375
0 0.759375 0.6515625 0.01015625 0.0171875
0 0.77734375 0.68203125 0.0125 0.0109375
0 0.7890625 0.86640625 0.02578125 0.034375
0 0.79765625 0.66640625 0.0109375 0.01328125
0 0.7984375 0.61328125 0.0078125 0.0109375
0 0.8375 0.87421875 0.02734375 0.02734375
0 0.8546875 0.734375 0.0140625 0.02265625
0 0.85625 0.80078125 0.01796875 0.0234375
0 0.8546875 0.7421875 0.0109375 0.02109375
0 0.87734375 0.6265625 0.00625 0.00703125
0 0.88046875 0.61875 0.0078125 0.009375
0 0.8921875 0.70390625 0.0234375 0.01953125
0 0.909375 0.76484375 0.01328125 0.03046875
0 0.94375 0.6515625 0.00546875 0.00859375
0 0.9828125 0.6734375 0.01328125 0.01328125
0 0.9890625 0.6390625 0.0109375 0.0140625