0 0.771875 0.74921875 0.084375 0.121875
0 0.5 0.4984375 1 0.571875
0 0.08046875 0.74765625 0.0328125 0.0421875
0 0.103125 0.98046875 0.034375 0.0390625
0 0.18984375 0.62421875 0.01875 0.021875
0 0.21875 0.721875 0.0125 0.0203125
0 0.28046875 0.6796875 0.0171875 0.028125
0 0.32421875 0.79375 0.0359375 0.05625
0 0.39296875 0.62109375 0.0171875 0.0203125
0 0.42734375 0.87265625 0.028125 0.034375
0 0.415625 0.60703125 0.015625 0.0203125
0 0.49921875 0.6640625 0.0234375 0.03125
0 0.52578125 0.6609375 0.0203125 0.0296875
0 0.58359375 0.6515625 0.0171875 0.025
0 0.6140625 0.6671875 0.021875 0.034375
0 0.70625 0.85546875 0.0484375 0.0734375
0 0.69375 0.625 0.0203125 0.0203125
0 0.74453125 0.85 0.046875 0.0609375
0 0.7125 0.59609375 0.01875 0.0234375
0 0.8546875 0.5265625 0.0171875 0.0203125
0 0.9703125 0.91796875 0.059375 0.0609375
0 0.96953125 0.509375 0.0171875 0.021875
0 0.98515625 0.47734375 0.0125 0.0203125