0 0.74921875 0.771875 0.075 0.115625
0 0.49921875 0.49921875 0.9984375 0.4859375
0 0.06015625 0.71015625 0.0296875 0.0390625
0 0.06328125 0.95 0.0296875 0.0484375
0 0.18046875 0.596875 0.0171875 0.02109375
0 0.20078125 0.696875 0.01015625 0.01953125
0 0.265625 0.66015625 0.015625 0.02734375
0 0.29921875 0.77734375 0.03203125 0.05390625
0 0.3828125 0.6109375 0.015625 0.01953125
0 0.3953125 0.86484375 0.02578125 0.0328125
0 0.40625 0.59921875 0.01328125 0.01953125
0 0.48515625 0.66328125 0.02109375 0.0296875
0 0.51171875 0.6625 0.01796875 0.02890625
0 0.5703125 0.65859375 0.015625 0.02421875
0 0.59921875 0.6765625 0.01875 0.0328125
0 0.67421875 0.871875 0.0421875 0.06953125
0 0.68203125 0.64140625 0.01796875 0.01953125
0 0.71328125 0.8703125 0.0421875 0.05703125
0 0.703125 0.6140625 0.0171875 0.02265625
0 0.85078125 0.55703125 0.015625 0.01953125
0 0.934375 0.95859375 0.06015625 0.05546875
0 0.9671875 0.55 0.01484375 0.02109375
0 0.98515625 0.51953125 0.0109375 0.01953125