0 0.51796875 0.6109375 0.221875 0.128125
0 0.0140625 0.41875 0.01875 0.0265625
0 0.05625 0.41796875 0.078125 0.040625
0 0.05625 0.728125 0.0828125 0.059375
0 0.1921875 0.51171875 0.096875 0.0578125
0 0.1625 0.7765625 0.096875 0.08125
0 0.15625 0.721875 0.0453125 0.0265625
0 0.17734375 0.69296875 0.059375 0.0296875
0 0.28828125 0.7625 0.0375 0.0390625
0 0.51640625 0.61875 0.10625 0.0765625
0 0.60859375 0.84453125 0.0609375 0.0609375
0 0.6984375 0.4015625 0.05625 0.0375
0 0.65625 0.71796875 0.046875 0.0421875
0 0.815625 0.4796875 0.078125 0.04375
0 0.8375 0.41953125 0.0796875 0.0390625
0 0.8140625 0.753125 0.0609375 0.05