0 0.5328125 0.60703125 0.21015625 0.09921875
0 0.0078125 0.4875 0.01484375 0.02421875
0 0.04921875 0.48046875 0.07421875 0.03046875
0 0.0921875 0.7875 0.0765625 0.04921875
0 0.196875 0.5546875 0.0921875 0.0453125
0 0.2046875 0.82109375 0.0875 0.0703125
0 0.190625 0.7671875 0.04296875 0.0203125
0 0.20703125 0.7359375 0.05625 0.021875
0 0.3265625 0.78984375 0.03359375 0.034375
0 0.5328125 0.615625 0.09765625 0.06328125
0 0.65546875 0.82578125 0.053125 0.0546875
0 0.6828125 0.375 0.053125 0.0296875
0 0.68515625 0.69375 0.04140625 0.0375
0 0.809375 0.4359375 0.07421875 0.034375
0 0.82265625 0.3734375 0.0765625 0.02890625
0 0.84609375 0.70703125 0.05625 0.0421875