0 0.99765625 0.88515625 0.0046875 0.0484375
0 0.9640625 0.54375 0.0109375 0.0140625
0 0.92734375 0.71953125 0.03125 0.0359375
0 0.92265625 0.59921875 0.0171875 0.025
0 0.88828125 0.64140625 0.0078125 0.021875
0 0.81484375 0.5890625 0.0109375 0.0140625
0 0.79765625 0.60546875 0.0140625 0.0296875
0 0.7875 0.565625 0.0125 0.0109375
0 0.75078125 0.653125 0.0171875 0.025
0 0.7234375 0.61015625 0.0109375 0.01875
0 0.6890625 0.5671875 0.0125 0.009375
0 0.653125 0.40390625 0.0078125 0.0109375
0 0.64765625 0.39609375 0.0078125 0.0109375
0 0.61015625 0.403125 0.0078125 0.0109375
0 0.6046875 0.36953125 0.009375 0.0140625
0 0.5671875 0.65859375 0.015625 0.0203125
0 0.54609375 0.58671875 0.00625 0.01875
0 0.51875 0.53828125 0.0109375 0.01875
0 0.4578125 0.828125 0.025 0.0203125
0 0.44453125 0.690625 0.0203125 0.0234375
0 0.421875 0.67734375 0.0125 0.015625
0 0.41171875 0.57734375 0.0125 0.0203125
0 0.39375 0.36953125 0.009375 0.015625
0 0.39140625 0.5609375 0.0109375 0.0109375
0 0.31640625 0.428125 0.00625 0.0125
0 0.31171875 0.43515625 0.009375 0.0140625
0 0.3015625 0.659375 0.03125 0.028125
0 0.30390625 0.59453125 0.009375 0.0203125
0 0.290625 0.43671875 0.009375 0.015625
0 0.1984375 0.55703125 0.0140625 0.015625
0 0.1421875 0.6546875 0.0171875 0.028125
0 0.13828125 0.4921875 0.009375 0.0140625
0 0.1234375 0.6453125 0.0234375 0.0296875
0 0.115625 0.5546875 0.0203125 0.0234375
0 0.06328125 0.74296875 0.0515625 0.053125
0 0.05078125 0.615625 0.0171875 0.0171875
0 0.05078125 0.55 0.0109375 0.015625
0 0.0484375 0.5421875 0.015625 0.0140625
0 0.03515625 0.61328125 0.0109375 0.0109375