0 0.00859375 0.90234375 0.0171875 0.04765625
0 0.0375 0.56015625 0.0109375 0.01328125
0 0.08046875 0.734375 0.0296875 0.034375
0 0.08125 0.6140625 0.015625 0.025
0 0.1171875 0.6546875 0.0078125 0.021875
0 0.18828125 0.6 0.0109375 0.01328125
0 0.20625 0.615625 0.0125 0.02890625
0 0.21484375 0.57578125 0.01171875 0.0109375
0 0.2546875 0.66171875 0.01640625 0.025
0 0.28046875 0.61796875 0.01015625 0.01796875
0 0.31328125 0.5734375 0.01171875 0.009375
0 0.34375 0.409375 0.0078125 0.0109375
0 0.3484375 0.4015625 0.0078125 0.0109375
0 0.38671875 0.40703125 0.0078125 0.0109375
0 0.390625 0.3734375 0.009375 0.01328125
0 0.43828125 0.6609375 0.015625 0.01953125
0 0.45703125 0.58828125 0.00625 0.01796875
0 0.4828125 0.5390625 0.0109375 0.01796875
0 0.55390625 0.8265625 0.02421875 0.01875
0 0.56171875 0.68828125 0.01875 0.0234375
0 0.584375 0.67421875 0.0125 0.01484375
0 0.590625 0.57421875 0.0125 0.01953125
0 0.6015625 0.365625 0.00859375 0.01484375
0 0.6109375 0.55703125 0.01015625 0.0109375
0 0.68125 0.421875 0.00625 0.0125
0 0.6859375 0.42890625 0.00859375 0.01328125
0 0.70390625 0.65234375 0.0296875 0.0265625
0 0.69921875 0.5875 0.009375 0.01953125
0 0.70703125 0.4296875 0.00859375 0.01484375
0 0.803125 0.54609375 0.0140625 0.01484375
0 0.86328125 0.6421875 0.01640625 0.02734375
0 0.8609375 0.4796875 0.00859375 0.0140625
0 0.88125 0.63203125 0.021875 0.02890625
0 0.8859375 0.54140625 0.01953125 0.0234375
0 0.9453125 0.72734375 0.05 0.05078125
0 0.953125 0.6 0.0171875 0.0171875
0 0.95078125 0.534375 0.01015625 0.01484375
0 0.953125 0.5265625 0.015625 0.01328125
0 0.96875 0.596875 0.01015625 0.0109375