0 0.16484375 0.753125 0.02890625 0.0828125
0 0.240625 0.9765625 0.05078125 0.04375
0 0.28203125 0.97109375 0.05234375 0.0546875
0 0.3171875 0.71640625 0.046875 0.0359375
0 0.309375 0.69140625 0.021875 0.025
0 0.403125 0.98515625 0.04921875 0.0265625
0 0.4453125 0.98359375 0.0390625 0.03046875
0 0.45078125 0.73828125 0.01171875 0.04765625
0 0.51875 0.97421875 0.0421875 0.04921875
0 0.61015625 0.68828125 0.03984375 0.03359375
0 0.6515625 0.96875 0.04921875 0.04140625
0 0.74609375 0.975 0.0359375 0.03359375