0 0.1 0.50234375 0.01171875 0.01796875
0 0.13046875 0.3578125 0.02421875 0.02578125
0 0.165625 0.71484375 0.0234375 0.03828125
0 0.2421875 0.55625 0.015625 0.02578125
0 0.26328125 0.6421875 0.0140625 0.0328125
0 0.27578125 0.409375 0.03046875 0.0125
0 0.275 0.3828125 0.0234375 0.02421875
0 0.2703125 0.6765625 0.01015625 0.01953125
0 0.28359375 0.57578125 0.0234375 0.04140625
0 0.346875 0.4640625 0.02109375 0.0375
0 0.434375 0.80859375 0.03125 0.04140625
0 0.42890625 0.7640625 0.0140625 0.02734375
0 0.4546875 0.37265625 0.009375 0.01328125
0 0.546875 0.46953125 0.009375 0.02578125
0 0.56796875 0.63828125 0.02578125 0.05
0 0.64140625 0.5953125 0.01328125 0.015625
0 0.6515625 0.6015625 0.01328125 0.02109375
0 0.72421875 0.8796875 0.0359375 0.0671875
0 0.75625 0.45859375 0.0125 0.0171875
0 0.7734375 0.715625 0.0171875 0.02421875
0 0.77578125 0.44609375 0.0125 0.0171875
0 0.8234375 0.33828125 0.0109375 0.02421875
0 0.86015625 0.47109375 0.01171875 0.02265625
0 0.990625 0.4984375 0.0171875 0.02578125