0 0.8875 0.59921875 0.015625 0.0203125
0 0.89296875 0.4515625 0.0296875 0.03125
0 0.77265625 0.7890625 0.03125 0.0421875
0 0.73671875 0.6171875 0.021875 0.028125
0 0.6953125 0.6953125 0.021875 0.0359375
0 0.73984375 0.46640625 0.0328125 0.01875
0 0.746875 0.440625 0.028125 0.0296875
0 0.68046875 0.7265625 0.0140625 0.021875
0 0.69140625 0.62578125 0.0328125 0.0453125
0 0.65703125 0.50234375 0.0296875 0.0421875
0 0.4890625 0.815625 0.040625 0.0484375
0 0.50546875 0.7734375 0.0203125 0.0296875
0 0.575 0.3875 0.0125 0.015625
0 0.46171875 0.459375 0.015625 0.0265625
0 0.40078125 0.61796875 0.0375 0.0546875
0 0.33984375 0.55859375 0.0171875 0.01875
0 0.328125 0.56171875 0.01875 0.0234375
0 0.190625 0.8140625 0.0515625 0.0734375
0 0.26171875 0.39765625 0.015625 0.0203125
0 0.1828125 0.64296875 0.021875 0.028125
0 0.2453125 0.38125 0.015625 0.0203125
0 0.225 0.26484375 0.0171875 0.0265625
0 0.1578125 0.38515625 0.0171875 0.025
0 0.02421875 0.3796875 0.0234375 0.0296875