0 0.45390625 0.55703125 0.1203125 0.103125
0 0.26171875 0.08203125 0.0265625 0.02109375
0 0.31171875 0.0546875 0.021875 0.02734375
0 0.43203125 0.33046875 0.06328125 0.04140625
0 0.44453125 0.365625 0.07734375 0.03984375
0 0.4953125 0.5890625 0.07890625 0.03515625
0 0.56796875 0.54296875 0.06796875 0.08515625
0 0.6109375 0.5125 0.075 0.06328125
0 0.615625 0.38671875 0.06640625 0.05
0 0.653125 0.42890625 0.07890625 0.07578125
0 0.67109375 0.04453125 0.02890625 0.02578125
0 0.69140625 0.0359375 0.021875 0.01015625
0 0.696875 0.0484375 0.0234375 0.02421875