0 0.53515625 0.5640625 0.1359375 0.121875
0 0.80703125 0.1296875 0.0296875 0.025
0 0.7625 0.09453125 0.0265625 0.03125
0 0.59609375 0.34453125 0.06875 0.0515625
0 0.578125 0.37734375 0.0828125 0.053125
0 0.4890625 0.58828125 0.084375 0.0484375
0 0.42578125 0.53046875 0.08125 0.0953125
0 0.38828125 0.49296875 0.084375 0.075
0 0.40546875 0.36875 0.0734375 0.0609375
0 0.36171875 0.403125 0.090625 0.0890625
0 0.4109375 0.021875 0.0328125 0.0296875
0 0.3921875 0.009375 0.0234375 0.0140625
0 0.384375 0.02109375 0.0265625 0.028125