0 0.11484375 0.57890625 0.08984375 0.16953125
0 0.19921875 0.37265625 0.02421875 0.0609375
0 0.2390625 0.1015625 0.04609375 0.0421875
0 0.23828125 0.3796875 0.0140625 0.04375
0 0.25625 0.03828125 0.01328125 0.065625
0 0.31796875 0.2375 0.01953125 0.04140625
0 0.36796875 0.2875 0.03203125 0.04375
0 0.390625 0.4046875 0.07578125 0.12109375
0 0.38359375 0.10234375 0.034375 0.05546875
0 0.4453125 0.08828125 0.04375 0.0546875
0 0.4953125 0.25546875 0.0234375 0.0421875
0 0.521875 0.2578125 0.0359375 0.0609375
0 0.60625 0.19453125 0.0546875 0.084375
0 0.7328125 0.26484375 0.10859375 0.1
0 0.7 0.12734375 0.0390625 0.11875
0 0.7578125 0.15 0.07265625 0.14296875