0 0.11640625 0.5859375 0.0921875 0.1703125
0 0.196875 0.378125 0.025 0.0609375
0 0.23203125 0.10625 0.046875 0.04375
0 0.2359375 0.384375 0.0140625 0.04375
0 0.2484375 0.04296875 0.0140625 0.065625
0 0.31328125 0.240625 0.0203125 0.0421875
0 0.3640625 0.28984375 0.0328125 0.04375
0 0.3890625 0.40625 0.078125 0.121875
0 0.3765625 0.1046875 0.0359375 0.05625
0 0.43828125 0.0890625 0.0453125 0.0546875
0 0.49140625 0.25546875 0.0234375 0.0421875
0 0.51796875 0.2578125 0.0375 0.0609375
0 0.60078125 0.19296875 0.05625 0.0859375
0 0.72890625 0.2609375 0.1109375 0.1015625
0 0.69375 0.12421875 0.040625 0.11875
0 0.7515625 0.1453125 0.075 0.14375