0 0.0890625 0.8796875 0.0640625 0.075
0 0.096875 0.403125 0.03046875 0.05546875
0 0.12890625 0.39765625 0.03828125 0.0734375
0 0.1421875 0.4171875 0.0265625 0.05703125
0 0.16953125 0.4015625 0.0328125 0.06953125
0 0.19765625 0.390625 0.0328125 0.06171875
0 0.2234375 0.4234375 0.0328125 0.06953125
0 0.25625 0.41015625 0.03828125 0.06640625
0 0.2796875 0.3828125 0.03203125 0.0578125
0 0.2875 0.428125 0.03203125 0.07109375
0 0.328125 0.440625 0.0296875 0.07109375
0 0.35625 0.41484375 0.0421875 0.075
0 0.37578125 0.4453125 0.0296875 0.059375
0 0.81328125 0.83515625 0.06640625 0.06640625
0 0.8296875 0.91953125 0.09921875 0.159375
0 0.871875 0.7 0.0484375 0.084375