0 0.8390625 0.9453125 0.0765625 0.084375
0 0.9140625 0.47421875 0.0390625 0.059375
0 0.88359375 0.46328125 0.05 0.0796875
0 0.86640625 0.48046875 0.0359375 0.0609375
0 0.8421875 0.46015625 0.04375 0.0734375
0 0.81640625 0.44453125 0.04375 0.0671875
0 0.7859375 0.47265625 0.04375 0.0734375
0 0.75546875 0.45390625 0.05 0.071875
0 0.7375 0.42265625 0.0421875 0.0625
0 0.721875 0.46640625 0.04375 0.075
0 0.6796875 0.47109375 0.0421875 0.075
0 0.65625 0.44140625 0.0546875 0.08125
0 0.63203125 0.46796875 0.0390625 0.0640625
0 0.13359375 0.77578125 0.0765625 0.0765625
0 0.10234375 0.85625 0.125 0.1734375
0 0.09921875 0.63203125 0.0625 0.0921875