0 0.47734375 0.7796875 0.1203125 0.103125
0 0.05078125 0.21796875 0.0265625 0.0171875
0 0.0796875 0.51875 0.10625 0.0515625
0 0.0796875 0.52109375 0.065625 0.0703125
0 0.09609375 0.34765625 0.0203125 0.021875
0 0.2734375 0.95390625 0.1203125 0.0640625
0 0.29765625 0.65 0.059375 0.05625
0 0.35234375 0.6375 0.0578125 0.0390625
0 0.40234375 0.2890625 0.0265625 0.0234375
0 0.54453125 0.7765625 0.0546875 0.046875
0 0.715625 0.65078125 0.025 0.0296875
0 0.7765625 0.328125 0.021875 0.0171875
0 0.86171875 0.24765625 0.0125 0.009375
0 0.85625 0.7484375 0.05 0.0484375