0 0.5015625 0.78046875 0.1125 0.09375
0 0.028125 0.2578125 0.025 0.015625
0 0.0828125 0.55546875 0.10234375 0.04296875
0 0.0828125 0.5578125 0.06015625 0.06484375
0 0.084375 0.38359375 0.01796875 0.0203125
0 0.3140625 0.971875 0.115625 0.05390625
0 0.31171875 0.6671875 0.0546875 0.0515625
0 0.36484375 0.65 0.05546875 0.034375
0 0.384375 0.2984375 0.025 0.021875
0 0.56875 0.771875 0.05078125 0.04296875
0 0.728125 0.63125 0.0234375 0.02734375
0 0.76015625 0.3046875 0.02109375 0.015625
0 0.83828125 0.2171875 0.01171875 0.00859375
0 0.8765625 0.71640625 0.04609375 0.04453125