0 0.0765625 0.19375 0.01640625 0.0234375
0 0.10546875 0.9 0.0171875 0.02109375
0 0.1796875 0.1546875 0.01640625 0.00859375
0 0.21328125 0.159375 0.0109375 0.01484375
0 0.21484375 0.9265625 0.0140625 0.02265625
0 0.221875 0.52890625 0.02578125 0.05625
0 0.225 0.825 0.0171875 0.01875
0 0.23046875 0.11953125 0.00859375 0.0171875
0 0.24921875 0.921875 0.0140625 0.0125
0 0.25078125 0.8015625 0.0140625 0.0140625
0 0.321875 0.40703125 0.03515625 0.05234375
0 0.4296875 0.24453125 0.0140625 0.00859375
0 0.4859375 0.4578125 0.03984375 0.0421875
0 0.48671875 0.5421875 0.03125 0.0421875
0 0.4984375 0.16953125 0.02578125 0.03125
0 0.5859375 0.9171875 0.0125 0.0140625
0 0.64765625 0.44375 0.01875 0.025
0 0.828125 0.83515625 0.01484375 0.0140625
0 0.83984375 0.17421875 0.0125 0.0171875
0 0.85234375 0.846875 0.0109375 0.01484375
0 0.92109375 0.92890625 0.0140625 0.0171875