0 0.9578125 0.24765625 0.01875 0.025
0 0.84296875 0.9453125 0.0203125 0.0234375
0 0.86015625 0.19609375 0.0171875 0.0109375
0 0.82578125 0.196875 0.0125 0.015625
0 0.73125 0.9578125 0.0171875 0.0234375
0 0.77265625 0.5625 0.0328125 0.059375
0 0.73359375 0.85625 0.01875 0.0203125
0 0.8140625 0.15546875 0.0109375 0.01875
0 0.69765625 0.94921875 0.015625 0.0140625
0 0.7109375 0.8296875 0.015625 0.015625
0 0.68828125 0.4296875 0.040625 0.05625
0 0.60078125 0.2546875 0.015625 0.0109375
0 0.51875 0.46015625 0.0453125 0.046875
0 0.5078125 0.54375 0.0359375 0.0453125
0 0.5421875 0.171875 0.0296875 0.034375
0 0.3640625 0.90390625 0.0140625 0.015625
0 0.36015625 0.4265625 0.021875 0.0265625
0 0.13359375 0.79296875 0.0171875 0.015625
0 0.20234375 0.13515625 0.0140625 0.01875
0 0.1078125 0.8015625 0.0125 0.015625
0 0.0296875 0.87421875 0.015625 0.01875