0 0.0859375 0.871875 0.0765625 0.1359375
0 0.196875 0.6609375 0.0640625 0.0921875
0 0.2375 0.41640625 0.01875 0.0265625
0 0.4703125 0.33515625 0.015625 0.021875
0 0.50859375 0.3859375 0.0390625 0.0421875
0 0.6015625 0.37578125 0.0453125 0.0484375
0 0.6140625 0.3515625 0.021875 0.034375
0 0.62890625 0.3421875 0.0390625 0.0421875
0 0.68203125 0.4671875 0.0625 0.0734375
0 0.7828125 0.84609375 0.1015625 0.103125
0 0.72578125 0.5265625 0.059375 0.059375
0 0.86875 0.30625 0.05 0.08125
0 0.93125 0.36953125 0.06875 0.06875