0 0.02734375 0.79453125 0.0546875 0.128125
0 0.1734375 0.60546875 0.05 0.084375
0 0.25625 0.371875 0.0140625 0.02421875
0 0.49921875 0.3328125 0.0125 0.0203125
0 0.528125 0.3890625 0.0328125 0.03671875
0 0.621875 0.3953125 0.03828125 0.0421875
0 0.63828125 0.3734375 0.0171875 0.03203125
0 0.6546875 0.3671875 0.0328125 0.03671875
0 0.68515625 0.49921875 0.0515625 0.065625
0 0.71875 0.88984375 0.08671875 0.0890625
0 0.71796875 0.565625 0.0515625 0.05078125
0 0.896875 0.3734375 0.03828125 0.075
0 0.94765625 0.44609375 0.059375 0.05859375