0 0.26796875 0.6421875 0.16171875 0.15
0 0.065625 0.73359375 0.03359375 0.02109375
0 0.1078125 0.44765625 0.0453125 0.0453125
0 0.14609375 0.51953125 0.02421875 0.040625
0 0.25546875 0.58203125 0.1203125 0.1046875
0 0.3328125 0.50703125 0.09375 0.06328125
0 0.33359375 0.5171875 0.08359375 0.1484375
0 0.36328125 0.5765625 0.11015625 0.09296875
0 0.38359375 0.3875 0.065625 0.10703125
0 0.4171875 0.425 0.07890625 0.115625
0 0.621875 0.44609375 0.10234375 0.19921875
0 0.6875 0.8984375 0.128125 0.20078125