0 0.121875 0.840625 0.05625 0.1859375
0 0.16015625 0.890625 0.0546875 0.075
0 0.18125 0.48359375 0.059375 0.06640625
0 0.18125 0.54453125 0.04375 0.071875
0 0.24609375 0.209375 0.0390625 0.0359375
0 0.26796875 0.184375 0.0578125 0.05859375
0 0.471875 0.18203125 0.040625 0.06953125
0 0.5109375 0.16953125 0.0375 0.05
0 0.58515625 0.23203125 0.0171875 0.06953125
0 0.59609375 0.2390625 0.0171875 0.05546875
0 0.73359375 0.64140625 0.0359375 0.0390625
0 0.7578125 0.54453125 0.025 0.0609375
0 0.79140625 0.296875 0.0390625 0.0609375
0 0.803125 0.34140625 0.03125 0.04453125