0 0.1796875 0.8953125 0.084375 0.1921875
0 0.22578125 0.9390625 0.065625 0.0828125
0 0.1828125 0.53359375 0.06875 0.075
0 0.1921875 0.59375 0.0546875 0.078125
0 0.20390625 0.25234375 0.04375 0.0421875
0 0.22109375 0.22421875 0.065625 0.0671875
0 0.42265625 0.190625 0.0515625 0.075
0 0.459375 0.171875 0.0453125 0.0546875
0 0.5421875 0.221875 0.028125 0.071875
0 0.55390625 0.22734375 0.025 0.0578125
0 0.753125 0.603125 0.0421875 0.04375
0 0.76171875 0.50390625 0.034375 0.0640625
0 0.75625 0.25390625 0.0484375 0.065625
0 0.77421875 0.29609375 0.0375 0.0484375