0 0.11015625 0.63203125 0.03671875 0.04375
0 0.15 0.93828125 0.0625 0.0734375
0 0.1421875 0.5828125 0.02421875 0.0265625
0 0.16328125 0.96328125 0.0421875 0.071875
0 0.15625 0.56796875 0.0140625 0.0140625
0 0.18359375 0.521875 0.02421875 0.0328125
0 0.2265625 0.48828125 0.01796875 0.015625
0 0.3375 0.42421875 0.0140625 0.01328125
0 0.475 0.4171875 0.01015625 0.0109375
0 0.671875 0.49453125 0.015625 0.01796875
0 0.678125 0.509375 0.0140625 0.01875
0 0.74453125 0.5140625 0.009375 0.0203125
0 0.81015625 0.5078125 0.0140625 0.02265625
0 0.82578125 0.49921875 0.02578125 0.03828125
0 0.9 0.96484375 0.06953125 0.06875
0 0.8890625 0.96328125 0.0421875 0.071875
0 0.9078125 0.58046875 0.0234375 0.02265625
0 0.94375 0.59609375 0.02421875 0.02734375
0 0.97734375 0.7046875 0.04375 0.05625
0 0.98515625 0.81171875 0.02890625 0.05078125
0 0.99375 0.6765625 0.01171875 0.02734375