0 0.8875 0.6390625 0.0375 0.04375
0 0.8421875 0.94453125 0.0640625 0.075
0 0.85625 0.5890625 0.025 0.0265625
0 0.828125 0.96640625 0.04375 0.0671875
0 0.8421875 0.57421875 0.0140625 0.0140625
0 0.815625 0.52734375 0.025 0.0328125
0 0.7734375 0.49296875 0.01875 0.015625
0 0.6640625 0.42734375 0.0140625 0.0140625
0 0.5265625 0.41796875 0.0109375 0.0109375
0 0.328125 0.49140625 0.015625 0.01875
0 0.321875 0.50625 0.0140625 0.01875
0 0.25546875 0.51015625 0.009375 0.0203125
0 0.18984375 0.50234375 0.0140625 0.0234375
0 0.17421875 0.49375 0.0265625 0.0390625
0 0.0921875 0.9578125 0.0703125 0.0703125
0 0.103125 0.95625 0.04375 0.071875
0 0.090625 0.5734375 0.0234375 0.0234375
0 0.0546875 0.58828125 0.025 0.028125
0 0.02109375 0.6953125 0.0421875 0.05625
0 0.01171875 0.80234375 0.0234375 0.0515625
0 0.0046875 0.6671875 0.009375 0.028125