0 0.25703125 0.590625 0.096875 0.0859375
0 0.3546875 0.09453125 0.04140625 0.0453125
0 0.3765625 0.21953125 0.025 0.06015625
0 0.3890625 0.6703125 0.03515625 0.084375
0 0.390625 0.534375 0.0171875 0.084375
0 0.4 0.5421875 0.0359375 0.07265625
0 0.4609375 0.52265625 0.0390625 0.0484375
0 0.63046875 0.678125 0.0703125 0.1046875
0 0.61640625 0.12109375 0.01953125 0.0359375
0 0.62734375 0.0640625 0.02578125 0.04609375
0 0.715625 0.76640625 0.15234375 0.1515625
0 0.74296875 0.34921875 0.06953125 0.12890625