0 0.71875 0.92109375 0.1 0.146875
0 0.0328125 0.68125 0.0421875 0.0625
0 0.0421875 0.65625 0.0390625 0.0375
0 0.1140625 0.55 0.0125 0.015625
0 0.11328125 0.56875 0.0125 0.0171875
0 0.12890625 0.6703125 0.034375 0.0515625
0 0.1578125 0.66875 0.0390625 0.04375
0 0.1890625 0.60234375 0.0125 0.0234375
0 0.24453125 0.94921875 0.0578125 0.05
0 0.2796875 0.6125 0.0203125 0.025
0 0.296875 0.70859375 0.0296875 0.03125
0 0.271875 0.9640625 0.0421875 0.0265625
0 0.31015625 0.68671875 0.0234375 0.0296875
0 0.35 0.59921875 0.0109375 0.021875
0 0.4 0.596875 0.0125 0.015625
0 0.43125 0.61328125 0.0125 0.01875
0 0.46328125 0.72109375 0.03125 0.04375
0 0.459375 0.9109375 0.078125 0.125
0 0.4671875 0.65234375 0.0109375 0.01875
0 0.47421875 0.95859375 0.0953125 0.0828125
0 0.49453125 0.7421875 0.034375 0.06875
0 0.496875 0.7546875 0.0390625 0.06875
0 0.5296875 0.665625 0.01875 0.0375
0 0.6625 0.67890625 0.015625 0.0265625
0 0.665625 0.6703125 0.0171875 0.0171875
0 0.7046875 0.865625 0.0671875 0.0921875
0 0.7234375 0.70703125 0.0234375 0.0296875
0 0.796875 0.709375 0.015625 0.0234375