0 0.76875 0.89140625 0.084375 0.13828125
0 0.05859375 0.73671875 0.03515625 0.05859375
0 0.06484375 0.7109375 0.0359375 0.0328125
0 0.1234375 0.596875 0.01015625 0.0140625
0 0.12421875 0.615625 0.0109375 0.015625
0 0.15234375 0.7140625 0.02890625 0.0484375
0 0.18125 0.709375 0.034375 0.03984375
0 0.20390625 0.63984375 0.01015625 0.02265625
0 0.3015625 0.97734375 0.053125 0.04453125
0 0.2953125 0.63828125 0.01796875 0.02265625
0 0.32421875 0.73203125 0.0265625 0.02890625
0 0.33046875 0.98828125 0.0390625 0.02265625
0 0.334375 0.70859375 0.01953125 0.02734375
0 0.36328125 0.61640625 0.00859375 0.02109375
0 0.4125 0.60859375 0.0109375 0.01484375
0 0.4453125 0.62109375 0.0109375 0.0171875
0 0.490625 0.72421875 0.0265625 0.04140625
0 0.509375 0.9125 0.0640625 0.11796875
0 0.4859375 0.65546875 0.009375 0.0171875
0 0.53046875 0.9609375 0.08671875 0.07578125
0 0.52421875 0.74140625 0.0265625 0.065625
0 0.528125 0.753125 0.03203125 0.06484375
0 0.55 0.6609375 0.0140625 0.0359375
0 0.6828125 0.6578125 0.01328125 0.02578125
0 0.68515625 0.64921875 0.015625 0.01484375
0 0.74765625 0.83828125 0.05703125 0.08515625
0 0.746875 0.678125 0.0203125 0.02734375
0 0.8203125 0.671875 0.01328125 0.02265625