0 0.03984375 0.62109375 0.0515625 0.10390625
0 0.18359375 0.57578125 0.0359375 0.121875
0 0.26953125 0.6359375 0.04140625 0.11328125
0 0.35234375 0.68515625 0.02421875 0.04375
0 0.371875 0.6671875 0.02578125 0.03125
0 0.40703125 0.65078125 0.03203125 0.12578125
0 0.40859375 0.29609375 0.02421875 0.02734375
0 0.58828125 0.8453125 0.0484375 0.1046875
0 0.578125 0.45859375 0.01484375 0.06015625
0 0.58125 0.65703125 0.01953125 0.0328125
0 0.58671875 0.68125 0.0171875 0.02890625
0 0.93046875 0.8015625 0.04609375 0.11875
0 0.959375 0.65078125 0.0296875 0.075
0 0.97734375 0.6171875 0.0171875 0.06171875