0 0.9625 0.61328125 0.053125 0.1046875
0 0.81796875 0.5703125 0.0375 0.121875
0 0.7328125 0.63203125 0.04375 0.1140625
0 0.65078125 0.6828125 0.025 0.04375
0 0.63125 0.66484375 0.0265625 0.03125
0 0.5953125 0.64921875 0.034375 0.1265625
0 0.5875 0.29453125 0.025 0.028125
0 0.41796875 0.846875 0.05 0.10625
0 0.42109375 0.46015625 0.015625 0.0609375
0 0.421875 0.65859375 0.0203125 0.0328125
0 0.41640625 0.6828125 0.0171875 0.0296875
0 0.075 0.809375 0.0484375 0.1203125
0 0.04296875 0.65859375 0.03125 0.075
0 0.025 0.62578125 0.01875 0.0625