0 0.96171875 0.5703125 0.0328125 0.0390625
0 0.77734375 0.6296875 0.0421875 0.0796875
0 0.765625 0.3921875 0.0265625 0.040625
0 0.71953125 0.409375 0.03125 0.0484375
0 0.6703125 0.4171875 0.028125 0.0421875
0 0.63046875 0.6015625 0.0234375 0.0359375
0 0.55703125 0.5640625 0.0359375 0.0375
0 0.4390625 0.371875 0.021875 0.046875
0 0.4125 0.5109375 0.0234375 0.0390625
0 0.26953125 0.6453125 0.0296875 0.03125
0 0.2625 0.65703125 0.021875 0.0234375
0 0.26953125 0.58359375 0.0203125 0.028125
0 0.215625 0.64296875 0.021875 0.0234375
0 0.18828125 0.5453125 0.021875 0.028125
0 0.10234375 0.6671875 0.021875 0.0234375
0 0.04296875 0.55625 0.01875 0.0359375