0 0.03359375 0.5296875 0.0296875 0.03671875
0 0.2125 0.6046875 0.0359375 0.0765625
0 0.24453125 0.36953125 0.0234375 0.03828125
0 0.2890625 0.390625 0.0265625 0.046875
0 0.3375 0.40234375 0.02421875 0.03984375
0 0.3609375 0.58984375 0.0203125 0.034375
0 0.4375 0.55859375 0.03359375 0.03515625
0 0.571875 0.37734375 0.01796875 0.0453125
0 0.5859375 0.51875 0.0203125 0.0375
0 0.7171875 0.66484375 0.02734375 0.02890625
0 0.72265625 0.67734375 0.0203125 0.02109375
0 0.72265625 0.603125 0.01796875 0.02734375
0 0.77109375 0.6671875 0.01953125 0.02109375
0 0.80625 0.57265625 0.01953125 0.02578125
0 0.88125 0.7015625 0.0203125 0.02109375
0 0.95 0.59609375 0.015625 0.034375