0 0.259375 0.28046875 0.03671875 0.05
0 0.45234375 0.91328125 0.05 0.11953125
0 0.4546875 0.07890625 0.0171875 0.02890625
0 0.521875 0.07421875 0.021875 0.01953125
0 0.5203125 0.53984375 0.00625 0.0109375
0 0.5296875 0.55 0.0125 0.0203125
0 0.534375 0.10234375 0.01796875 0.02890625
0 0.55234375 0.28984375 0.01640625 0.0234375
0 0.565625 0.28984375 0.015625 0.01953125
0 0.58984375 0.7859375 0.0140625 0.03046875
0 0.60703125 0.52265625 0.02578125 0.03828125
0 0.60625 0.1296875 0.02109375 0.02578125
0 0.61875 0.159375 0.0109375 0.0203125
0 0.628125 0.70078125 0.021875 0.03828125
0 0.6546875 0.22578125 0.0171875 0.02890625
0 0.67109375 0.64453125 0.02578125 0.03828125
0 0.940625 0.659375 0.02578125 0.02421875