0 0.78359375 0.33984375 0.046875 0.05625
0 0.453125 0.91328125 0.075 0.128125
0 0.6390625 0.1 0.0234375 0.0328125
0 0.57421875 0.08046875 0.025 0.0234375
0 0.47109375 0.534375 0.0078125 0.0125
0 0.46015625 0.5421875 0.0171875 0.021875
0 0.55625 0.1046875 0.0234375 0.0328125
0 0.49609375 0.28359375 0.021875 0.0265625
0 0.48359375 0.28046875 0.0203125 0.021875
0 0.3484375 0.75859375 0.0203125 0.0328125
0 0.390625 0.49765625 0.034375 0.04375
0 0.4796875 0.115625 0.0265625 0.0296875
0 0.4609375 0.14140625 0.015625 0.021875
0 0.3296875 0.6671875 0.0296875 0.0421875
0 0.4109375 0.19765625 0.0234375 0.0328125
0 0.30078125 0.60234375 0.034375 0.04375
0 0.03515625 0.55625 0.03125 0.0296875