0 0.83671875 0.37734375 0.1328125 0.3125
0 0.03984375 0.61328125 0.0265625 0.03984375
0 0.09375 0.659375 0.021875 0.03515625
0 0.1265625 0.59453125 0.025 0.03984375
0 0.17421875 0.76015625 0.0984375 0.10859375
0 0.15078125 0.60078125 0.0171875 0.03515625
0 0.246875 0.85703125 0.071875 0.10234375
0 0.2671875 0.684375 0.071875 0.11484375
0 0.29375 0.5375 0.0375 0.05390625
0 0.3421875 0.54453125 0.01875 0.03125
0 0.3734375 0.72578125 0.08125 0.14765625
0 0.37578125 0.47265625 0.0765625 0.08359375
0 0.49921875 0.56953125 0.0359375 0.07734375
0 0.6921875 0.49609375 0.03125 0.0375
0 0.728125 0.73984375 0.040625 0.04140625
0 0.73203125 0.515625 0.0296875 0.04375
0 0.79609375 0.61328125 0.0671875 0.05625
0 0.7984375 0.54765625 0.034375 0.05390625
0 0.97421875 0.8625 0.0484375 0.0625
0 0.990625 0.93046875 0.015625 0.06015625