0 0.81953125 0.3375 0.1703125 0.3265625
0 0.05703125 0.66875 0.03125 0.0421875
0 0.11640625 0.7078125 0.0265625 0.0375
0 0.140625 0.6390625 0.0296875 0.0421875
0 0.20859375 0.79765625 0.1109375 0.1203125
0 0.165625 0.64296875 0.021875 0.0375
0 0.2921875 0.88515625 0.084375 0.1109375
0 0.29140625 0.71171875 0.0859375 0.1234375
0 0.3 0.5625 0.04375 0.0578125
0 0.3484375 0.56328125 0.021875 0.0328125
0 0.4015625 0.73984375 0.0984375 0.15625
0 0.3734375 0.48828125 0.0859375 0.0921875
0 0.5078125 0.56875 0.0453125 0.08125
0 0.690625 0.47265625 0.0359375 0.040625
0 0.75546875 0.71015625 0.0453125 0.0453125
0 0.73203125 0.4875 0.034375 0.046875
0 0.8078125 0.5765625 0.0734375 0.0640625
0 0.80234375 0.5109375 0.040625 0.0578125
0 0.99296875 0.80234375 0.0140625 0.0671875