0 0.884375 0.2140625 0.23125 0.325
0 0.18359375 0.14921875 0.2484375 0.2984375
0 0.2859375 0.29375 0.0875 0.0828125
0 0.303125 0.70546875 0.075 0.1328125
0 0.46484375 0.78984375 0.184375 0.2640625
0 0.4203125 0.85390625 0.065625 0.0828125
0 0.5453125 0.73046875 0.1875 0.2484375
0 0.5625 0.378125 0.0578125 0.0484375
0 0.6484375 0.17109375 0.0640625 0.1015625
0 0.61328125 0.64140625 0.0578125 0.15
0 0.728125 0.178125 0.0921875 0.115625
0 0.640625 0.784375 0.05625 0.0953125
0 0.84453125 0.60546875 0.3109375 0.6578125