0 0.8625 0.1671875 0.22578125 0.29921875
0 0.14140625 0.17578125 0.2125 0.30390625
0 0.2625 0.32109375 0.0796875 0.0734375
0 0.3296875 0.728125 0.059375 0.12578125
0 0.50078125 0.7921875 0.1546875 0.246875
0 0.4640625 0.8609375 0.05625 0.0765625
0 0.5734375 0.7234375 0.1609375 0.23046875
0 0.546875 0.37109375 0.05234375 0.0421875
0 0.60703125 0.15546875 0.05234375 0.0953125
0 0.6296875 0.6265625 0.03984375 0.14609375
0 0.6875 0.15234375 0.08046875 0.10703125
0 0.67421875 0.76484375 0.04609375 0.08984375
0 0.86796875 0.56171875 0.2625 0.63125