0 0.05390625 0.29453125 0.1078125 0.4890625
0 0.08359375 0.6328125 0.028125 0.11328125
0 0.09140625 0.76015625 0.028125 0.11484375
0 0.1671875 0.7875 0.1359375 0.25078125
0 0.22890625 0.48984375 0.01953125 0.02421875
0 0.4 0.45 0.0125 0.01796875
0 0.47421875 0.4828125 0.0203125 0.0296875
0 0.48046875 0.5078125 0.0140625 0.0203125
0 0.53828125 0.4640625 0.0078125 0.015625
0 0.55078125 0.471875 0.00859375 0.02578125
0 0.70859375 0.4109375 0.02421875 0.0359375
0 0.734375 0.34140625 0.01484375 0.0390625