0 0.92109375 0.99375 0.0515625 0.0125
0 0.89140625 0.57265625 0.021875 0.01875
0 0.878125 0.53359375 0.015625 0.0234375
0 0.88515625 0.4484375 0.0078125 0.0109375
0 0.84765625 0.46015625 0.0078125 0.0140625
0 0.8078125 0.56171875 0.0125 0.025
0 0.78046875 0.57109375 0.0171875 0.0375
0 0.55546875 0.7359375 0.0453125 0.0859375
0 0.57265625 0.54296875 0.0421875 0.0453125
0 0.56015625 0.6046875 0.04375 0.0765625
0 0.4859375 0.68046875 0.025 0.0578125
0 0.4765625 0.6265625 0.028125 0.0515625
0 0.4484375 0.3484375 0.0328125 0.034375
0 0.38828125 0.67734375 0.0375 0.0828125
0 0.225 0.42890625 0.0359375 0.0625
0 0.16640625 0.56796875 0.0765625 0.0859375
0 0.190625 0.39609375 0.009375 0.0109375
0 0.18359375 0.390625 0.009375 0.009375
0 0.159375 0.3578125 0.0109375 0.0109375
0 0.034375 0.37421875 0.009375 0.0140625