0 0.03515625 0.975 0.04765625 0.04765625
0 0.10390625 0.53828125 0.0203125 0.0171875
0 0.1203125 0.50078125 0.01328125 0.02265625
0 0.12109375 0.41484375 0.00625 0.0109375
0 0.15703125 0.4296875 0.00625 0.01328125
0 0.18828125 0.534375 0.0109375 0.02421875
0 0.2140625 0.54609375 0.01328125 0.03671875
0 0.42421875 0.73046875 0.03828125 0.0828125
0 0.42421875 0.53671875 0.0390625 0.0421875
0 0.43125 0.59921875 0.0375 0.0734375
0 0.4984375 0.68125 0.0203125 0.05625
0 0.5125 0.628125 0.02421875 0.05
0 0.56484375 0.35390625 0.0296875 0.03125
0 0.59609375 0.68671875 0.03046875 0.08046875
0 0.78046875 0.453125 0.03046875 0.06015625
0 0.8265625 0.596875 0.0703125 0.08046875
0 0.8171875 0.4234375 0.0078125 0.0109375
0 0.825 0.41875 0.0078125 0.009375
0 0.8515625 0.38828125 0.009375 0.0109375
0 0.975 0.415625 0.0078125 0.01328125