0 0.3359375 0.64375 0.06953125 0.12265625
0 0.1609375 0.74296875 0.0109375 0.0109375
0 0.16171875 0.76953125 0.00859375 0.01015625
0 0.1828125 0.496875 0.01015625 0.01328125
0 0.1875 0.69453125 0.00859375 0.0140625
0 0.1984375 0.78515625 0.0078125 0.0125
0 0.2296875 0.3765625 0.0671875 0.0515625
0 0.20546875 0.790625 0.0140625 0.01953125
0 0.215625 0.70078125 0.01171875 0.0140625
0 0.2234375 0.8984375 0.0109375 0.01953125
0 0.2453125 0.63515625 0.04765625 0.1015625
0 0.23125 0.7328125 0.01171875 0.0171875
0 0.32421875 0.2734375 0.03984375 0.0671875
0 0.396875 0.6390625 0.0421875 0.0328125
0 0.45625 0.2171875 0.06875 0.0609375
0 0.5171875 0.5421875 0.06875 0.07578125
0 0.5515625 0.0921875 0.06875 0.0625