0 0.32890625 0.63515625 0.0765625 0.1265625
0 0.1484375 0.725 0.0109375 0.0109375
0 0.1484375 0.7515625 0.009375 0.0109375
0 0.18359375 0.48046875 0.0109375 0.0140625
0 0.178125 0.678125 0.009375 0.0140625
0 0.18359375 0.76875 0.0078125 0.0125
0 0.23671875 0.3625 0.0703125 0.0546875
0 0.190625 0.775 0.015625 0.0203125
0 0.20546875 0.6859375 0.0125 0.0140625
0 0.203125 0.88359375 0.0125 0.0203125
0 0.23828125 0.621875 0.053125 0.1046875
0 0.21953125 0.71875 0.0125 0.0171875
0 0.3359375 0.26484375 0.04375 0.06875
0 0.38984375 0.63359375 0.04375 0.034375
0 0.47109375 0.215625 0.071875 0.0640625
0 0.51484375 0.54296875 0.071875 0.0796875
0 0.57265625 0.0953125 0.071875 0.065625