0 0.70625 0.94296875 0.084375 0.1140625
0 0.834375 0.621875 0.021875 0.0296875
0 0.6265625 0.9046875 0.071875 0.1359375
0 0.65234375 0.80625 0.0390625 0.0375
0 0.6125 0.82109375 0.0375 0.053125
0 0.57890625 0.86796875 0.0515625 0.096875
0 0.5203125 0.8109375 0.0453125 0.0546875
0 0.4875 0.8140625 0.034375 0.0671875
0 0.30390625 0.95234375 0.0359375 0.0375
0 0.1515625 0.81796875 0.040625 0.075
0 0.0859375 0.87578125 0.0484375 0.0953125
0 0.03515625 0.65625 0.0265625 0.0421875
0 0.015625 0.71875 0.03125 0.0625
0 0.015625 0.646875 0.03125 0.034375
0 0.0078125 0.82578125 0.015625 0.0578125
0 0.0078125 0.68046875 0.015625 0.0484375