0 0.2015625 0.909375 0.0546875 0.1453125
0 0.14765625 0.55 0.01640625 0.0265625
0 0.2921875 0.86953125 0.0453125 0.12890625
0 0.2875 0.76796875 0.0328125 0.03125
0 0.3234375 0.790625 0.02890625 0.04765625
0 0.34609375 0.84375 0.0328125 0.0921875
0 0.415625 0.8 0.03671875 0.04765625
0 0.446875 0.81015625 0.021875 0.0640625
0 0.59765625 0.9828125 0.03046875 0.03203125
0 0.775 0.88359375 0.02578125 0.071875
0 0.8265625 0.95390625 0.0296875 0.090625
0 0.921875 0.74921875 0.01953125 0.03828125
0 0.928125 0.81484375 0.021875 0.05859375
0 0.94453125 0.74453125 0.0296875 0.02890625
0 0.95703125 0.93046875 0.01953125 0.0546875
0 0.9875 0.78828125 0.0234375 0.04453125