0 0.69375 0.43203125 0.1109375 0.08359375
0 0.30390625 0.31171875 0.06328125 0.06796875
0 0.35859375 0.453125 0.05078125 0.0578125
0 0.36015625 0.4171875 0.03828125 0.04609375
0 0.44140625 0.02265625 0.1484375 0.0453125
0 0.4484375 0.4515625 0.115625 0.0546875
0 0.4234375 0.5921875 0.05234375 0.0328125
0 0.425 0.69921875 0.04296875 0.02578125
0 0.4484375 0.5296875 0.084375 0.0390625
0 0.43828125 0.66875 0.05 0.03046875
0 0.4359375 0.6484375 0.040625 0.0171875
0 0.4515625 0.6265625 0.065625 0.0359375
0 0.521875 0.2953125 0.1984375 0.10625
0 0.465625 0.565625 0.06796875 0.034375
0 0.5265625 0.50390625 0.1078125 0.05
0 0.52265625 0.52421875 0.06796875 0.02890625
0 0.58515625 0.14921875 0.12109375 0.1296875
0 0.9375 0.4765625 0.1234375 0.12421875