0 0.31953125 0.40234375 0.121875 0.1
0 0.7234375 0.34453125 0.0734375 0.0765625
0 0.646875 0.47578125 0.059375 0.065625
0 0.65078125 0.43984375 0.0453125 0.0515625
0 0.6328125 0.0375 0.153125 0.06875
0 0.55859375 0.46015625 0.1234375 0.071875
0 0.5609375 0.603125 0.05625 0.040625
0 0.54296875 0.70859375 0.046875 0.0328125
0 0.54609375 0.5375 0.0890625 0.0515625
0 0.534375 0.6765625 0.0546875 0.0375
0 0.53984375 0.65625 0.0421875 0.0234375
0 0.528125 0.6328125 0.0703125 0.0453125
0 0.51015625 0.29453125 0.2125 0.1359375
0 0.5234375 0.5703125 0.071875 0.0453125
0 0.4734375 0.5 0.1140625 0.065625
0 0.47421875 0.5203125 0.071875 0.0390625
0 0.47109375 0.13984375 0.140625 0.146875
0 0.071875 0.40859375 0.140625 0.1421875