0 0.96640625 0.11875 0.0109375 0.015625
0 0.95703125 0.07109375 0.0140625 0.0171875
0 0.94921875 0.0140625 0.0109375 0.015625
0 0.94375 0.13203125 0.0078125 0.028125
0 0.925 0.12890625 0.0109375 0.0265625
0 0.896875 0.0875 0.0171875 0.0140625
0 0.8875 0.13671875 0.0109375 0.015625
0 0.85703125 0.11015625 0.0078125 0.0203125
0 0.846875 0.10859375 0.0078125 0.0203125
0 0.8375 0.015625 0.0078125 0.015625
0 0.8234375 0.09609375 0.0125 0.0171875
0 0.82265625 0.059375 0.009375 0.0234375
0 0.81953125 0.7625 0.025 0.0421875
0 0.77421875 0.18984375 0.0125 0.0140625
0 0.74765625 0.08203125 0.0078125 0.0203125
0 0.740625 0.06171875 0.0078125 0.0140625
0 0.7296875 0.0296875 0.009375 0.015625
0 0.71796875 0.03125 0.0109375 0.015625
0 0.7109375 0.19296875 0.0125 0.0265625
0 0.7046875 0.11953125 0.009375 0.0125
0 0.6921875 0.1578125 0.0125 0.0203125
0 0.6765625 0.15 0.0125 0.0140625
0 0.67265625 0.0859375 0.0109375 0.015625
0 0.66484375 0.7046875 0.0140625 0.0265625
0 0.64765625 0.13125 0.0078125 0.015625
0 0.62578125 0.1328125 0.0078125 0.0125
0 0.584375 0.00859375 0.009375 0.0171875
0 0.56953125 0.57109375 0.0296875 0.0390625
0 0.5703125 0.1390625 0.0109375 0.0125
0 0.56484375 0.009375 0.0109375 0.01875
0 0.5703125 0.7828125 0.01875 0.0453125
0 0.5609375 0.1265625 0.0078125 0.0171875
0 0.54375 0.15 0.00625 0.0203125
0 0.53671875 0.14453125 0.0078125 0.0203125
0 0.5265625 0.12421875 0.009375 0.015625
0 0.50859375 0.0640625 0.0140625 0.0125
0 0.49296875 0.6359375 0.0171875 0.0359375
0 0.41796875 0.778125 0.0296875 0.0578125
0 0.40234375 0.1296875 0.0109375 0.0234375
0 0.396875 0.13984375 0.0078125 0.015625
0 0.36875 0.1453125 0.0078125 0.0109375
0 0.36328125 0.140625 0.0109375 0.0171875
0 0.31640625 0.13828125 0.00625 0.021875
0 0.31015625 0.11484375 0.0078125 0.015625
0 0.290625 0.19453125 0.0109375 0.0140625
0 0.2890625 0.7421875 0.0265625 0.046875
0 0.26953125 0.1796875 0.00625 0.009375
0 0.26015625 0.68046875 0.0203125 0.0296875
0 0.19921875 0.19375 0.0078125 0.0171875
0 0.19921875 0.66015625 0.0140625 0.0421875
0 0.19140625 0.18828125 0.0078125 0.0171875
0 0.1734375 0.1171875 0.00625 0.025
0 0.16328125 0.11953125 0.009375 0.021875
0 0.13515625 0.06484375 0.009375 0.0171875
0 0.12734375 0.040625 0.009375 0.015625
0 0.12109375 0.5890625 0.021875 0.028125