0 0.02734375 0.1265625 0.0109375 0.01484375
0 0.0359375 0.07890625 0.01328125 0.01640625
0 0.0421875 0.021875 0.0109375 0.01484375
0 0.05 0.13984375 0.0078125 0.02734375
0 0.06875 0.13671875 0.0109375 0.02578125
0 0.09609375 0.09453125 0.0171875 0.01328125
0 0.10625 0.14375 0.0109375 0.015625
0 0.1359375 0.11640625 0.0078125 0.01953125
0 0.14609375 0.11484375 0.0078125 0.01953125
0 0.15390625 0.021875 0.0078125 0.01484375
0 0.16953125 0.1015625 0.01171875 0.01640625
0 0.16953125 0.06484375 0.009375 0.02265625
0 0.18515625 0.76796875 0.02421875 0.0421875
0 0.2203125 0.19453125 0.01171875 0.0140625
0 0.2453125 0.08671875 0.0078125 0.01953125
0 0.2515625 0.065625 0.0078125 0.0140625
0 0.2625 0.03359375 0.009375 0.015625
0 0.27421875 0.03515625 0.0109375 0.015625
0 0.28359375 0.196875 0.01171875 0.02578125
0 0.2890625 0.1234375 0.00859375 0.01171875
0 0.3015625 0.1609375 0.01171875 0.01953125
0 0.3171875 0.153125 0.01171875 0.01328125
0 0.3203125 0.0890625 0.0109375 0.015625
0 0.3390625 0.7078125 0.0140625 0.02578125
0 0.34609375 0.13359375 0.0078125 0.01484375
0 0.36796875 0.13515625 0.0078125 0.01171875
0 0.40625 0.009375 0.00859375 0.01796875
0 0.43203125 0.57265625 0.0296875 0.03828125
0 0.4234375 0.140625 0.0109375 0.0125
0 0.4265625 0.01015625 0.01015625 0.01953125
0 0.434375 0.784375 0.01796875 0.0453125
0 0.4328125 0.12734375 0.0078125 0.01640625
0 0.45 0.15078125 0.00625 0.01953125
0 0.45703125 0.1453125 0.0078125 0.01953125
0 0.4671875 0.125 0.00859375 0.01484375
0 0.48359375 0.0640625 0.0140625 0.01171875
0 0.509375 0.6359375 0.0171875 0.0359375
0 0.58671875 0.7765625 0.028125 0.05703125
0 0.59140625 0.128125 0.0109375 0.02265625
0 0.596875 0.13828125 0.0078125 0.015625
0 0.625 0.14296875 0.0078125 0.0109375
0 0.63046875 0.13828125 0.0109375 0.0171875
0 0.67734375 0.13515625 0.00625 0.02109375
0 0.6828125 0.11171875 0.0078125 0.015625
0 0.70390625 0.190625 0.01015625 0.0140625
0 0.71484375 0.73828125 0.025 0.046875
0 0.725 0.17578125 0.00625 0.00859375
0 0.74296875 0.6765625 0.0203125 0.02890625
0 0.7953125 0.18828125 0.0078125 0.0171875
0 0.80390625 0.6546875 0.0140625 0.04140625
0 0.803125 0.1828125 0.0078125 0.01640625
0 0.81953125 0.11171875 0.00625 0.02421875
0 0.8296875 0.1140625 0.009375 0.02109375
0 0.85703125 0.05859375 0.00859375 0.0171875
0 0.86484375 0.034375 0.009375 0.015625
0 0.88046875 0.5828125 0.021875 0.02734375