0 0.91640625 0.53125 0.0390625 0.053125
0 0.9125 0.55078125 0.0390625 0.0640625
0 0.74375 0.759375 0.059375 0.0484375
0 0.73203125 0.653125 0.0390625 0.0796875
0 0.72890625 0.74375 0.040625 0.028125
0 0.6921875 0.6375 0.05625 0.1015625
0 0.39296875 0.72265625 0.0640625 0.0703125
0 0.3953125 0.71171875 0.0265625 0.0203125
0 0.3484375 0.7453125 0.06875 0.0953125
0 0.2890625 0.78671875 0.0765625 0.1140625
0 0.2765625 0.828125 0.059375 0.103125
0 0.25234375 0.91328125 0.0875 0.11875
0 0.22265625 0.89765625 0.065625 0.1125
0 0.07578125 0.5328125 0.021875 0.040625
0 0.06953125 0.52890625 0.0234375 0.0390625
0 0.03984375 0.403125 0.015625 0.0234375