0 0.0890625 0.575 0.03359375 0.05
0 0.0953125 0.59375 0.0328125 0.06171875
0 0.284375 0.78359375 0.05546875 0.0421875
0 0.28515625 0.6765625 0.03046875 0.07734375
0 0.29765625 0.76640625 0.0375 0.025
0 0.3234375 0.65703125 0.04609375 0.09765625
0 0.6296875 0.71015625 0.0578125 0.0640625
0 0.6265625 0.69921875 0.02421875 0.0171875
0 0.6765625 0.728125 0.06015625 0.08984375
0 0.73984375 0.76328125 0.065625 0.1078125
0 0.75625 0.803125 0.05 0.0984375
0 0.78984375 0.88515625 0.07578125 0.11171875
0 0.8171875 0.86640625 0.0546875 0.1078125
0 0.925 0.48828125 0.01796875 0.03828125
0 0.93125 0.48359375 0.01953125 0.03671875
0 0.94765625 0.35546875 0.01328125 0.02265625