0 0.92421875 0.690625 0.0546875 0.109375
0 0.159375 0.39609375 0.06796875 0.10390625
0 0.22109375 0.57109375 0.05625 0.07109375
0 0.2296875 0.8796875 0.0484375 0.11328125
0 0.2859375 0.27578125 0.03203125 0.06796875
0 0.309375 0.5421875 0.0328125 0.078125
0 0.3453125 0.29609375 0.0171875 0.03203125
0 0.3515625 0.3859375 0.02421875 0.04375
0 0.4953125 0.35 0.0203125 0.0328125
0 0.51953125 0.36015625 0.0203125 0.0421875
0 0.5625 0.22109375 0.015625 0.028125
0 0.58046875 0.709375 0.04765625 0.07109375
0 0.56953125 0.353125 0.01328125 0.03671875
0 0.615625 0.1921875 0.015625 0.02734375
0 0.64453125 0.2875 0.00703125 0.01484375
0 0.871875 0.3453125 0.01953125 0.03828125
0 0.92109375 0.32421875 0.015625 0.04765625
0 0.98203125 0.33671875 0.02578125 0.05078125