0 0.865625 0.7875 0.0796875 0.11875
0 0.19453125 0.31640625 0.090625 0.1171875
0 0.2125 0.5015625 0.071875 0.0828125
0 0.14609375 0.803125 0.075 0.121875
0 0.346875 0.23046875 0.046875 0.0734375
0 0.3046875 0.49453125 0.05 0.084375
0 0.39921875 0.26484375 0.025 0.0359375
0 0.38359375 0.353125 0.034375 0.0484375
0 0.53203125 0.353125 0.028125 0.0375
0 0.553125 0.36875 0.0296875 0.0453125
0 0.628125 0.24453125 0.021875 0.03125
0 0.52734375 0.72265625 0.0640625 0.08125
0 0.603125 0.37421875 0.021875 0.0390625
0 0.68671875 0.2296875 0.021875 0.0296875
0 0.69140625 0.32890625 0.0109375 0.015625
0 0.8984375 0.43984375 0.028125 0.0421875
0 0.95078125 0.43125 0.0265625 0.05
0 0.99375 0.4578125 0.0125 0.05625