0 0.90234375 0.57890625 0.0171875 0.0234375
0 0.87734375 0.5328125 0.0109375 0.015625
0 0.73984375 0.6078125 0.0203125 0.0171875
0 0.71875 0.59296875 0.01875 0.015625
0 0.71171875 0.5265625 0.028125 0.0375
0 0.64921875 0.51484375 0.025 0.0265625
0 0.63125 0.60625 0.0359375 0.053125
0 0.59921875 0.48125 0.0296875 0.01875
0 0.553125 0.61484375 0.0171875 0.0234375
0 0.4875 0.6078125 0.021875 0.0375
0 0.46953125 0.47578125 0.0203125 0.01875
0 0.4484375 0.60859375 0.028125 0.03125
0 0.4234375 0.46953125 0.0203125 0.025
0 0.39140625 0.51953125 0.0234375 0.0453125
0 0.22265625 0.57109375 0.0328125 0.0171875
0 0.12265625 0.59765625 0.040625 0.0578125