0 0.0953125 0.56484375 0.0171875 0.02265625
0 0.121875 0.51953125 0.0109375 0.015625
0 0.25625 0.59921875 0.0203125 0.0171875
0 0.278125 0.58515625 0.01796875 0.01484375
0 0.2875 0.51953125 0.0265625 0.0359375
0 0.35 0.509375 0.02421875 0.02578125
0 0.36484375 0.6015625 0.03359375 0.0515625
0 0.4015625 0.478125 0.02890625 0.01796875
0 0.44296875 0.61328125 0.01640625 0.02265625
0 0.50859375 0.6078125 0.0203125 0.03671875
0 0.53125 0.4765625 0.01953125 0.01796875
0 0.54765625 0.61015625 0.0265625 0.03046875
0 0.57734375 0.471875 0.01953125 0.02421875
0 0.6078125 0.5234375 0.021875 0.0453125
0 0.775 0.58046875 0.0328125 0.01640625
0 0.8734375 0.6109375 0.0390625 0.05703125