0 0.68984375 0.865625 0.1015625 0.11484375
0 0.03046875 0.53515625 0.0171875 0.0140625
0 0.06796875 0.5640625 0.009375 0.01484375
0 0.1015625 0.53203125 0.0078125 0.0140625
0 0.1046875 0.5828125 0.0109375 0.015625
0 0.11015625 0.5109375 0.009375 0.00859375
0 0.14375 0.590625 0.01171875 0.02109375
0 0.153125 0.5046875 0.00859375 0.0109375
0 0.15625 0.57578125 0.0078125 0.0140625
0 0.25859375 0.51796875 0.00859375 0.01015625
0 0.2796875 0.53046875 0.00625 0.0078125
0 0.30625 0.54453125 0.0046875 0.01328125
0 0.3484375 0.52734375 0.00625 0.0140625
0 0.36328125 0.5125 0.009375 0.01171875
0 0.4234375 0.49296875 0.00625 0.00859375
0 0.4703125 0.5328125 0.00859375 0.009375
0 0.49921875 0.509375 0.009375 0.00859375
0 0.5015625 0.53359375 0.0078125 0.0109375
0 0.51640625 0.515625 0.0109375 0.01171875
0 0.534375 0.5328125 0.0078125 0.0125
0 0.7125 0.934375 0.0703125 0.0984375
0 0.746875 0.51640625 0.0078125 0.01015625
0 0.7484375 0.5578125 0.01171875 0.0140625
0 0.7515625 0.56796875 0.0109375 0.01328125
0 0.76640625 0.57265625 0.009375 0.01171875
0 0.80625 0.5515625 0.01171875 0.0140625
0 0.84140625 0.5453125 0.009375 0.01171875
0 0.89140625 0.52734375 0.0078125 0.0140625
0 0.91171875 0.5390625 0.01015625 0.01015625
0 0.934375 0.51328125 0.00859375 0.01328125
0 0.94453125 0.51171875 0.009375 0.01015625
0 0.978125 0.55625 0.0078125 0.0140625