0 0.27265625 0.84375 0.1125 0.125
0 0.96328125 0.584375 0.01875 0.015625
0 0.92265625 0.60859375 0.0109375 0.015625
0 0.89296875 0.5734375 0.009375 0.0140625
0 0.884375 0.6234375 0.0125 0.0171875
0 0.88671875 0.5515625 0.0109375 0.009375
0 0.84453125 0.62734375 0.0140625 0.021875
0 0.84453125 0.540625 0.009375 0.0125
0 0.83359375 0.6109375 0.009375 0.0140625
0 0.73828125 0.54296875 0.009375 0.0109375
0 0.715625 0.553125 0.0078125 0.0078125
0 0.68828125 0.56484375 0.00625 0.0140625
0 0.64765625 0.54296875 0.0078125 0.0140625
0 0.634375 0.5265625 0.0109375 0.0125
0 0.5765625 0.50078125 0.0078125 0.009375
0 0.52578125 0.5359375 0.009375 0.0109375
0 0.5 0.509375 0.0109375 0.009375
0 0.4953125 0.53359375 0.009375 0.0109375
0 0.48203125 0.5140625 0.0125 0.0125
0 0.4625 0.52890625 0.009375 0.0125
0 0.24296875 0.91015625 0.0796875 0.1046875
0 0.253125 0.490625 0.009375 0.0109375
0 0.246875 0.53125 0.0125 0.015625
0 0.24296875 0.54140625 0.0125 0.0140625
0 0.22734375 0.54453125 0.0109375 0.0125
0 0.18984375 0.51953125 0.0125 0.015625
0 0.15546875 0.509375 0.0109375 0.0125
0 0.1078125 0.4859375 0.009375 0.0140625
0 0.08671875 0.49609375 0.0109375 0.0109375
0 0.06640625 0.46796875 0.009375 0.0140625
0 0.05703125 0.46484375 0.0109375 0.0109375
0 0.01875 0.50625 0.009375 0.0140625