0 0.01328125 0.70546875 0.02578125 0.0359375
0 0.0140625 0.7359375 0.028125 0.0359375
0 0.0515625 0.790625 0.059375 0.059375
0 0.18515625 0.95625 0.1234375 0.0796875
0 0.19375 0.465625 0.04765625 0.0265625
0 0.1953125 0.428125 0.05 0.0546875
0 0.44140625 0.525 0.02109375 0.07890625
0 0.6015625 0.66953125 0.009375 0.04609375
0 0.68515625 0.4296875 0.05234375 0.0328125
0 0.7 0.35390625 0.0234375 0.0328125
0 0.8921875 0.68125 0.065625 0.0421875
0 0.909375 0.4640625 0.06796875 0.06484375
0 0.95 0.21796875 0.0984375 0.0578125
0 0.940625 0.80078125 0.07109375 0.0703125