0 0.02890625 0.7390625 0.028125 0.0375
0 0.03203125 0.76953125 0.03125 0.0375
0 0.07265625 0.82109375 0.0640625 0.0640625
0 0.2171875 0.96640625 0.128125 0.0671875
0 0.1921875 0.48671875 0.05 0.0296875
0 0.19140625 0.44921875 0.053125 0.0578125
0 0.44296875 0.52890625 0.0265625 0.0796875
0 0.61328125 0.66171875 0.0125 0.046875
0 0.6796875 0.4171875 0.0546875 0.0359375
0 0.6890625 0.340625 0.025 0.034375
0 0.90390625 0.653125 0.06875 0.046875
0 0.90625 0.4359375 0.071875 0.06875
0 0.92890625 0.1875 0.1015625 0.0640625
0 0.96015625 0.76953125 0.0765625 0.075