0 0.03203125 0.515625 0.0515625 0.0734375
0 0.04921875 0.4484375 0.0375 0.0390625
0 0.13125 0.49453125 0.0171875 0.028125
0 0.16875 0.55546875 0.028125 0.0359375
0 0.2171875 0.7375 0.0375 0.0484375
0 0.25078125 0.7234375 0.025 0.0359375
0 0.3640625 0.73515625 0.0234375 0.040625
0 0.37109375 0.78984375 0.0421875 0.05
0 0.47734375 0.61015625 0.0171875 0.0234375
0 0.48671875 0.62578125 0.0203125 0.028125
0 0.596875 0.75078125 0.01875 0.0296875
0 0.68828125 0.68984375 0.0328125 0.0390625
0 0.68828125 0.78515625 0.021875 0.0390625
0 0.8078125 0.6515625 0.0203125 0.025
0 0.8296875 0.83984375 0.0203125 0.0359375
0 0.8484375 0.85234375 0.025 0.040625