0 0.05 0.628125 0.0375 0.065625
0 0.05 0.559375 0.0296875 0.03359375
0 0.140625 0.58359375 0.0109375 0.02578125
0 0.1921875 0.63359375 0.0203125 0.03203125
0 0.2828125 0.79921875 0.02734375 0.04296875
0 0.3125 0.77734375 0.0171875 0.03203125
0 0.425 0.7609375 0.01484375 0.0375
0 0.4453125 0.8125 0.0328125 0.04296875
0 0.5046875 0.6125 0.0125 0.0203125
0 0.5171875 0.625 0.0140625 0.02578125
0 0.6546875 0.71953125 0.0125 0.028125
0 0.72890625 0.63828125 0.025 0.03359375
0 0.7515625 0.73125 0.0125 0.0375
0 0.83515625 0.57265625 0.01484375 0.02265625
0 0.90234375 0.75 0.0125 0.03359375
0 0.9234375 0.7578125 0.0171875 0.0375