0 0.034375 0.384375 0.0171875 0.03125
0 0.06953125 0.6265625 0.0296875 0.034375
0 0.078125 0.64296875 0.0234375 0.03125
0 0.071875 0.45703125 0.0140625 0.0359375
0 0.0671875 0.23046875 0.0203125 0.025
0 0.09921875 0.3140625 0.01875 0.0171875
0 0.13046875 0.646875 0.01875 0.0328125
0 0.14609375 0.64609375 0.01875 0.0421875
0 0.19140625 0.36640625 0.0140625 0.0203125
0 0.234375 0.6078125 0.0375 0.0296875
0 0.21640625 0.34375 0.015625 0.0203125
0 0.26015625 0.2984375 0.0203125 0.0328125
0 0.2875 0.60546875 0.01875 0.0390625
0 0.30390625 0.45546875 0.0640625 0.084375
0 0.33203125 0.60703125 0.021875 0.0203125
0 0.36015625 0.49140625 0.090625 0.128125
0 0.56171875 0.44765625 0.0671875 0.0828125
0 0.596875 0.2828125 0.06875 0.1109375
0 0.61015625 0.4 0.05 0.0703125
0 0.68984375 0.553125 0.0203125 0.0375
0 0.97265625 0.54453125 0.021875 0.0328125