0 0.0390625 0.36796875 0.015625 0.03046875
0 0.065625 0.61171875 0.028125 0.0328125
0 0.0734375 0.628125 0.021875 0.03046875
0 0.0734375 0.4421875 0.0125 0.03515625
0 0.0765625 0.215625 0.01875 0.02421875
0 0.10625 0.3 0.01875 0.0171875
0 0.12578125 0.63359375 0.0171875 0.0328125
0 0.14140625 0.63359375 0.0171875 0.04140625
0 0.19609375 0.35546875 0.0140625 0.01953125
0 0.23046875 0.5984375 0.0359375 0.028125
0 0.221875 0.33359375 0.015625 0.01953125
0 0.2671875 0.28984375 0.01875 0.0328125
0 0.28359375 0.59765625 0.0171875 0.0390625
0 0.30546875 0.4484375 0.0609375 0.0828125
0 0.328125 0.60078125 0.021875 0.01953125
0 0.36015625 0.48671875 0.0859375 0.125
0 0.56328125 0.45 0.0640625 0.08125
0 0.6046875 0.28671875 0.065625 0.109375
0 0.61328125 0.40390625 0.0484375 0.06796875
0 0.6875 0.559375 0.01875 0.0375
0 0.97109375 0.5609375 0.0203125 0.0328125