0 0.3421875 0.84609375 0.15703125 0.2703125
0 0.0140625 0.934375 0.028125 0.1
0 0.04765625 0.91796875 0.04296875 0.1203125
0 0.06328125 0.915625 0.0578125 0.10859375
0 0.103125 0.89765625 0.1234375 0.203125
0 0.21953125 0.75625 0.0734375 0.13046875
0 0.27421875 0.665625 0.0265625 0.04296875
0 0.346875 0.74921875 0.0796875 0.1625
0 0.66484375 0.228125 0.04921875 0.06953125
0 0.67265625 0.2359375 0.053125 0.07890625
0 0.83671875 0.87421875 0.09296875 0.22578125
0 0.95234375 0.87265625 0.07734375 0.253125