0 0.05859375 0.35546875 0.021875 0.0359375
0 0.5390625 0.3453125 0.0046875 0.01015625
0 0.54921875 0.3421875 0.00859375 0.01796875
0 0.553125 0.43203125 0.0109375 0.0203125
0 0.5671875 0.478125 0.0109375 0.0171875
0 0.56953125 0.46484375 0.0109375 0.0140625
0 0.5828125 0.3921875 0.0125 0.0140625
0 0.59296875 0.3984375 0.01328125 0.0171875
0 0.6484375 0.5203125 0.0265625 0.034375
0 0.6609375 0.35078125 0.0125 0.01328125
0 0.76015625 0.88515625 0.05 0.10390625
0 0.79375 0.28515625 0.0609375 0.07734375
0 0.8078125 0.934375 0.07890625 0.07421875
0 0.80234375 0.3234375 0.02578125 0.040625
0 0.8375 0.35546875 0.0078125 0.0171875
0 0.94609375 0.2515625 0.03515625 0.0546875
0 0.98125 0.25390625 0.03671875 0.05703125