0 0.9359375 0.33984375 0.0234375 0.0359375
0 0.45546875 0.346875 0.0046875 0.0109375
0 0.4453125 0.34375 0.009375 0.01875
0 0.44453125 0.43359375 0.0109375 0.0203125
0 0.43203125 0.48046875 0.0109375 0.0171875
0 0.42890625 0.4671875 0.0109375 0.0140625
0 0.41328125 0.3953125 0.0125 0.0140625
0 0.40390625 0.4015625 0.0140625 0.0171875
0 0.35234375 0.52578125 0.028125 0.0359375
0 0.33359375 0.35625 0.0125 0.0140625
0 0.253125 0.89375 0.053125 0.10625
0 0.19921875 0.2953125 0.0640625 0.0796875
0 0.2078125 0.94453125 0.08125 0.0765625
0 0.19140625 0.334375 0.0265625 0.0421875
0 0.1578125 0.3671875 0.0078125 0.0171875
0 0.0453125 0.2671875 0.0375 0.05625
0 0.01484375 0.27109375 0.0296875 0.0578125