0 0.02109375 0.5171875 0.03828125 0.0453125
0 0.153125 0.58828125 0.0265625 0.04609375
0 0.19453125 0.4734375 0.03515625 0.0546875
0 0.2359375 0.65625 0.0359375 0.05
0 0.31953125 0.5140625 0.03125 0.05078125
0 0.3640625 0.56484375 0.0234375 0.040625
0 0.4375 0.6625 0.01171875 0.04375
0 0.53984375 0.38671875 0.040625 0.06484375
0 0.5265625 0.7140625 0.0109375 0.0421875
0 0.5453125 0.36171875 0.0484375 0.06171875
0 0.88046875 0.52265625 0.0390625 0.0609375
0 0.8953125 0.5015625 0.046875 0.09453125