0 0.09453125 0.446875 0.02265625 0.0703125
0 0.11171875 0.4546875 0.02421875 0.0515625
0 0.328125 0.3109375 0.0296875 0.046875
0 0.35546875 0.31328125 0.0359375 0.05078125
0 0.47109375 0.37734375 0.04375 0.0515625
0 0.6359375 0.41171875 0.0265625 0.065625
0 0.7109375 0.47421875 0.028125 0.04765625
0 0.78671875 0.45078125 0.01796875 0.021875
0 0.8890625 0.484375 0.0328125 0.0421875
0 0.90546875 0.5125 0.0203125 0.02890625
0 0.91484375 0.54765625 0.0234375 0.0546875
0 0.96640625 0.48515625 0.03203125 0.05546875