0 0.04609375 0.28046875 0.0140625 0.034375
0 0.11015625 0.721875 0.0203125 0.0296875
0 0.1203125 0.578125 0.0125 0.0140625
0 0.14140625 0.4421875 0.03125 0.0421875
0 0.14140625 0.39140625 0.01875 0.009375
0 0.1359375 0.57578125 0.025 0.046875
0 0.1484375 0.40859375 0.01875 0.0171875
0 0.13125 0.7703125 0.0234375 0.01875
0 0.22734375 0.41171875 0.009375 0.0140625
0 0.24140625 0.43671875 0.0203125 0.0078125
0 0.240625 0.44609375 0.0125 0.0140625
0 0.3328125 0.390625 0.0109375 0.01875
0 0.4078125 0.3796875 0.0140625 0.0203125
0 0.5703125 0.38046875 0.0125 0.015625
0 0.61875 0.8 0.040625 0.05625
0 0.7125 0.34140625 0.0125 0.0125