0 0.02890625 0.32109375 0.0109375 0.0328125
0 0.13125 0.7546875 0.01796875 0.02890625
0 0.12890625 0.6109375 0.01171875 0.01328125
0 0.1375 0.4734375 0.028125 0.040625
0 0.13359375 0.42265625 0.01796875 0.0078125
0 0.14375 0.60703125 0.021875 0.0453125
0 0.1421875 0.43984375 0.0171875 0.015625
0 0.15625 0.8015625 0.021875 0.0171875
0 0.2203125 0.4359375 0.0078125 0.01328125
0 0.23671875 0.459375 0.01953125 0.00546875
0 0.23671875 0.46875 0.0109375 0.01328125
0 0.32421875 0.40546875 0.01015625 0.01796875
0 0.39765625 0.38828125 0.01171875 0.01953125
0 0.559375 0.375 0.0109375 0.01484375
0 0.64453125 0.78828125 0.0359375 0.053125
0 0.69765625 0.3234375 0.01171875 0.0109375