0 0.92421875 0.55859375 0.03125 0.0359375
0 0.90859375 0.60625 0.0328125 0.05625
0 0.7328125 0.71640625 0.0296875 0.040625
0 0.72578125 0.4375 0.0265625 0.0359375
0 0.69453125 0.84609375 0.034375 0.0453125
0 0.6953125 0.415625 0.021875 0.0359375
0 0.67421875 0.85234375 0.0125 0.04375
0 0.61953125 0.74609375 0.034375 0.0546875
0 0.6109375 0.503125 0.0296875 0.0375
0 0.58046875 0.6984375 0.0296875 0.040625
0 0.5578125 0.51640625 0.03125 0.046875
0 0.503125 0.68125 0.01875 0.0390625
0 0.4875 0.67109375 0.0234375 0.028125
0 0.45859375 0.43671875 0.0203125 0.0265625
0 0.45234375 0.43359375 0.015625 0.03125
0 0.4265625 0.6046875 0.0390625 0.053125
0 0.42890625 0.5703125 0.0328125 0.0359375
0 0.37734375 0.4546875 0.025 0.0296875
0 0.378125 0.4515625 0.0203125 0.034375
0 0.32734375 0.565625 0.028125 0.05
0 0.31796875 0.5828125 0.0296875 0.034375