0 0.0734375 0.5359375 0.02890625 0.034375
0 0.08671875 0.584375 0.03046875 0.0546875
0 0.25625 0.70390625 0.028125 0.03984375
0 0.278125 0.42578125 0.02421875 0.03515625
0 0.2875 0.83515625 0.0328125 0.04296875
0 0.309375 0.40546875 0.0203125 0.034375
0 0.3078125 0.84296875 0.0109375 0.04296875
0 0.36796875 0.73984375 0.03125 0.053125
0 0.3890625 0.49765625 0.028125 0.03671875
0 0.409375 0.69375 0.028125 0.0390625
0 0.44140625 0.51328125 0.0296875 0.0453125
0 0.4875 0.68046875 0.0171875 0.03828125
0 0.503125 0.671875 0.021875 0.02734375
0 0.54453125 0.4390625 0.01953125 0.02578125
0 0.55078125 0.4359375 0.0140625 0.03046875
0 0.56796875 0.60859375 0.03671875 0.0515625
0 0.5671875 0.57421875 0.03046875 0.03515625
0 0.625 0.4609375 0.0234375 0.02890625
0 0.62421875 0.4578125 0.01796875 0.0328125
0 0.66875 0.57421875 0.02578125 0.0484375
0 0.67734375 0.5921875 0.02734375 0.0328125