0 0.14140625 0.5265625 0.0140625 0.0421875
0 0.1640625 0.52265625 0.02421875 0.04609375
0 0.2515625 0.47890625 0.021875 0.01953125
0 0.27109375 0.45078125 0.01484375 0.02890625
0 0.47109375 0.565625 0.03671875 0.0484375
0 0.49140625 0.3078125 0.02578125 0.06171875
0 0.4875 0.5171875 0.0140625 0.03125
0 0.50625 0.31328125 0.03046875 0.046875
0 0.65859375 0.5953125 0.0234375 0.04765625
0 0.7296875 0.3890625 0.01484375 0.03203125
0 0.74375 0.37578125 0.015625 0.025
0 0.8984375 0.4703125 0.0171875 0.028125