0 0.6875 0.68203125 0.07109375 0.1078125
0 0.303125 0.73125 0.03046875 0.06015625
0 0.31328125 0.71171875 0.0296875 0.0328125
0 0.34375 0.29921875 0.03125 0.08125
0 0.61484375 0.3203125 0.02421875 0.06796875
0 0.63671875 0.55859375 0.034375 0.06328125
0 0.6515625 0.31328125 0.0484375 0.0625
0 0.67578125 0.36328125 0.0171875 0.07734375
0 0.6875 0.6 0.03828125 0.09375
0 0.703125 0.3921875 0.03984375 0.0640625
0 0.76875 0.4359375 0.03046875 0.0640625
0 0.82890625 0.828125 0.11640625 0.08125
0 0.80859375 0.45703125 0.05390625 0.06953125
0 0.8265625 0.23515625 0.0234375 0.071875
0 0.83828125 0.78125 0.03046875 0.02109375
0 0.87890625 0.3140625 0.03984375 0.07578125
0 0.9015625 0.35390625 0.0390625 0.0734375
0 0.946875 0.4015625 0.0265625 0.0796875