0 0.64921875 0.71484375 0.090625 0.11875
0 0.2625 0.6890625 0.040625 0.065625
0 0.2765625 0.671875 0.0359375 0.0375
0 0.38515625 0.2734375 0.046875 0.0859375
0 0.646875 0.3453125 0.0375 0.071875
0 0.62265625 0.58359375 0.0453125 0.06875
0 0.684375 0.3453125 0.059375 0.0703125
0 0.6984375 0.39921875 0.03125 0.0796875
0 0.66484375 0.63359375 0.0546875 0.1
0 0.7203125 0.4328125 0.0515625 0.0703125
0 0.77578125 0.48828125 0.0421875 0.06875
0 0.76015625 0.88515625 0.1296875 0.1015625
0 0.8109375 0.51640625 0.065625 0.078125
0 0.87109375 0.30234375 0.0375 0.075
0 0.778125 0.840625 0.034375 0.0265625
0 0.9078125 0.38984375 0.053125 0.08125
0 0.921875 0.43359375 0.053125 0.0796875
0 0.9578125 0.48828125 0.040625 0.0828125