0 0.05 0.70859375 0.02578125 0.02734375
0 0.0890625 0.796875 0.021875 0.040625
0 0.1171875 0.2765625 0.01484375 0.03203125
0 0.146875 0.21953125 0.01640625 0.0203125
0 0.35625 0.39609375 0.0234375 0.02421875
0 0.359375 0.390625 0.0203125 0.03203125
0 0.47890625 0.32890625 0.0203125 0.01796875
0 0.49140625 0.3234375 0.01640625 0.025
0 0.6171875 0.32578125 0.01953125 0.0171875
0 0.61953125 0.33984375 0.0140625 0.01484375
0 0.72734375 0.3234375 0.0171875 0.025
0 0.72734375 0.321875 0.0140625 0.0234375
0 0.834375 0.3734375 0.0234375 0.02421875
0 0.84453125 0.3890625 0.0171875 0.025
0 0.91015625 0.6765625 0.0171875 0.04609375