0 0.98359375 0.61015625 0.03125 0.0328125
0 0.9640625 0.7046875 0.0296875 0.04375
0 0.828125 0.2015625 0.021875 0.034375
0 0.78671875 0.15234375 0.0203125 0.0234375
0 0.61875 0.36875 0.028125 0.028125
0 0.61484375 0.3640625 0.0265625 0.0359375
0 0.48515625 0.328125 0.0234375 0.021875
0 0.471875 0.32578125 0.021875 0.028125
0 0.34921875 0.35390625 0.0234375 0.0203125
0 0.35 0.36796875 0.0171875 0.0171875
0 0.240625 0.37421875 0.021875 0.028125
0 0.240625 0.37265625 0.01875 0.0265625
0 0.146875 0.44609375 0.028125 0.028125
0 0.13984375 0.46328125 0.021875 0.028125
0 0.13515625 0.7578125 0.0265625 0.0484375