0 0.33359375 0.725 0.065625 0.1171875
0 0.0359375 0.3484375 0.03515625 0.03515625
0 0.08203125 0.34140625 0.03046875 0.028125
0 0.08203125 0.13515625 0.01796875 0.021875
0 0.1640625 0.27421875 0.02578125 0.0328125
0 0.16875 0.17421875 0.02578125 0.0421875
0 0.19296875 0.13828125 0.02109375 0.0328125
0 0.24296875 0.11015625 0.01640625 0.02421875
0 0.25234375 0.628125 0.03203125 0.04453125
0 0.34765625 0.18359375 0.0171875 0.02734375
0 0.39453125 0.165625 0.01640625 0.01796875
0 0.42578125 0.14375 0.0125 0.0109375
0 0.4375 0.13984375 0.0078125 0.0109375
0 0.45 0.4828125 0.02578125 0.04609375
0 0.49765625 0.0609375 0.0171875 0.015625
0 0.5015625 0.1703125 0.0234375 0.04609375
0 0.58125 0.16875 0.0234375 0.03828125
0 0.6453125 0.09453125 0.01171875 0.0140625
0 0.7078125 0.22734375 0.0234375 0.02421875
0 0.7171875 0.09140625 0.01953125 0.02734375
0 0.84921875 0.1078125 0.0140625 0.0171875