0 0.60703125 0.75859375 0.0921875 0.1296875
0 0.9828125 0.46484375 0.034375 0.0421875
0 0.94375 0.446875 0.0359375 0.034375
0 0.990625 0.246875 0.01875 0.025
0 0.88046875 0.3625 0.0328125 0.0375
0 0.9 0.2640625 0.0359375 0.046875
0 0.88515625 0.2234375 0.028125 0.0375
0 0.84375 0.18359375 0.021875 0.028125
0 0.709375 0.684375 0.0421875 0.0515625
0 0.72421875 0.2296875 0.0234375 0.03125
0 0.68359375 0.20078125 0.0203125 0.021875
0 0.6578125 0.17265625 0.0140625 0.0140625
0 0.64765625 0.165625 0.0109375 0.0125
0 0.55234375 0.4953125 0.0359375 0.0515625
0 0.60859375 0.07421875 0.0203125 0.01875
0 0.578125 0.1796875 0.034375 0.05
0 0.5015625 0.15859375 0.03125 0.0421875
0 0.45703125 0.07109375 0.0140625 0.0171875
0 0.3640625 0.18515625 0.028125 0.0296875
0 0.38828125 0.05078125 0.025 0.03125
0 0.25625 0.03515625 0.0171875 0.0203125