0 0.265625 0.46796875 0.078125 0.103125
0 0.115625 0.7140625 0.046875 0.07734375
0 0.1796875 0.56640625 0.0171875 0.02265625
0 0.2203125 0.50546875 0.01015625 0.01171875
0 0.2953125 0.57890625 0.028125 0.0421875
0 0.33828125 0.6203125 0.0265625 0.04296875
0 0.35 0.7203125 0.0296875 0.03359375
0 0.4484375 0.759375 0.046875 0.08515625
0 0.48984375 0.521875 0.0328125 0.04296875
0 0.5890625 0.80859375 0.05 0.08515625
0 0.5890625 0.50078125 0.0375 0.0375
0 0.61953125 0.5984375 0.0234375 0.03828125
0 0.6609375 0.59609375 0.02578125 0.01796875
0 0.703125 0.478125 0.0234375 0.040625
0 0.7828125 0.50859375 0.03359375 0.0375
0 0.80703125 0.49453125 0.03125 0.0328125
0 0.815625 0.703125 0.01171875 0.03515625
0 0.8421875 0.421875 0.0109375 0.01171875
0 0.8546875 0.58203125 0.02578125 0.03984375
0 0.91640625 0.50625 0.015625 0.02265625
0 0.959375 0.9609375 0.0796875 0.0765625
0 0.95625 0.42265625 0.0265625 0.028125