0 0.73671875 0.496875 0.090625 0.1125
0 0.85546875 0.759375 0.05625 0.0828125
0 0.81015625 0.6046875 0.0203125 0.025
0 0.7765625 0.53984375 0.0109375 0.0125
0 0.69375 0.603125 0.0328125 0.0453125
0 0.64609375 0.6390625 0.03125 0.0453125
0 0.621875 0.73671875 0.0328125 0.0375
0 0.51953125 0.7640625 0.05625 0.090625
0 0.50703125 0.52265625 0.0375 0.046875
0 0.37421875 0.7953125 0.059375 0.090625
0 0.41171875 0.48984375 0.0421875 0.0421875
0 0.36953125 0.5828125 0.028125 0.040625
0 0.32890625 0.57578125 0.028125 0.0203125
0 0.30078125 0.45390625 0.028125 0.04375
0 0.21796875 0.47421875 0.0375 0.040625
0 0.19609375 0.45703125 0.034375 0.0359375
0 0.16171875 0.66328125 0.015625 0.0359375
0 0.16953125 0.38046875 0.0125 0.0125
0 0.13828125 0.53828125 0.0296875 0.0421875
0 0.0859375 0.45546875 0.01875 0.025
0 0.021875 0.90078125 0.04375 0.0859375
0 0.05625 0.36796875 0.0296875 0.03125