0 0.08125 0.68671875 0.03046875 0.06015625
0 0.1640625 0.68125 0.03046875 0.06015625
0 0.19765625 0.678125 0.021875 0.0703125
0 0.22890625 0.88984375 0.02578125 0.0515625
0 0.24765625 0.87578125 0.03671875 0.07578125
0 0.3015625 0.66640625 0.02421875 0.06796875
0 0.36796875 0.85390625 0.0203125 0.04765625
0 0.3921875 0.86015625 0.03359375 0.07734375
0 0.465625 0.6265625 0.0265625 0.06015625
0 0.490625 0.61328125 0.03046875 0.0546875
0 0.54921875 0.61328125 0.034375 0.0546875
0 0.58359375 0.61015625 0.0296875 0.04375
0 0.65234375 0.61171875 0.02578125 0.0515625
0 0.67421875 0.821875 0.028125 0.06796875
0 0.71171875 0.81953125 0.03671875 0.05703125
0 0.7359375 0.63671875 0.03203125 0.05859375
0 0.7765625 0.64609375 0.0203125 0.0546875
0 0.84140625 0.85078125 0.0328125 0.07734375
0 0.8609375 0.83671875 0.0203125 0.06015625
0 0.86484375 0.6265625 0.01796875 0.04375
0 0.88671875 0.62421875 0.028125 0.06015625
0 0.96875 0.6265625 0.0265625 0.0546875