0 0.93828125 0.634375 0.0375 0.0640625
0 0.85546875 0.6390625 0.0375 0.0640625
0 0.821875 0.63984375 0.0296875 0.071875
0 0.81640625 0.85390625 0.03125 0.0546875
0 0.79609375 0.8421875 0.0453125 0.0796875
0 0.7171875 0.640625 0.0328125 0.0703125
0 0.67421875 0.83515625 0.0265625 0.05
0 0.65078125 0.84453125 0.0421875 0.08125
0 0.54921875 0.62109375 0.034375 0.0625
0 0.5234375 0.6109375 0.0375 0.0578125
0 0.46484375 0.61875 0.040625 0.0578125
0 0.43046875 0.61953125 0.034375 0.046875
0 0.3625 0.6296875 0.03125 0.0546875
0 0.36640625 0.840625 0.0359375 0.0703125
0 0.32890625 0.84296875 0.04375 0.0609375
0 0.2828125 0.66484375 0.0390625 0.0625
0 0.24296875 0.67890625 0.0265625 0.05625
0 0.20390625 0.88984375 0.0421875 0.08125
0 0.1828125 0.878125 0.028125 0.0625
0 0.153125 0.6703125 0.0234375 0.0453125
0 0.13125 0.6703125 0.0359375 0.0625
0 0.05 0.6828125 0.0328125 0.0578125