0 0.86796875 0.63359375 0.025 0.034375
0 0.8203125 0.61484375 0.04375 0.0484375
0 0.64921875 0.38203125 0.021875 0.028125
0 0.73359375 0.75859375 0.040625 0.06875
0 0.70078125 0.725 0.0375 0.0625
0 0.6859375 0.72890625 0.040625 0.0578125
0 0.665625 0.7125 0.0375 0.040625
0 0.64609375 0.68671875 0.034375 0.0421875
0 0.48671875 0.80546875 0.0390625 0.046875
0 0.4828125 0.790625 0.0265625 0.040625
0 0.46015625 0.7765625 0.021875 0.0421875
0 0.45390625 0.784375 0.0359375 0.040625
0 0.41640625 0.75859375 0.0296875 0.0421875
0 0.4140625 0.75390625 0.028125 0.040625
0 0.39375 0.72421875 0.025 0.04375
0 0.29453125 0.9578125 0.0375 0.046875
0 0.203125 0.8109375 0.03125 0.0515625
0 0.084375 0.61953125 0.015625 0.025
0 0.0515625 0.578125 0.0203125 0.021875
0 0.03046875 0.57109375 0.01875 0.021875