0 0.01328125 0.69921875 0.0265625 0.0640625
0 0.0375 0.80234375 0.03046875 0.025
0 0.04453125 0.8296875 0.0359375 0.0328125
0 0.175 0.71875 0.0171875 0.03125
0 0.2171875 0.6890625 0.03515625 0.040625
0 0.3265625 0.421875 0.01640625 0.025
0 0.3359375 0.8078125 0.02578125 0.0640625
0 0.359375 0.7671875 0.0234375 0.0578125
0 0.375 0.7671875 0.02890625 0.053125
0 0.390625 0.74609375 0.0296875 0.034375
0 0.403125 0.71640625 0.0265625 0.03671875
0 0.58671875 0.79296875 0.03046875 0.040625
0 0.58671875 0.778125 0.01796875 0.03671875
0 0.60546875 0.75859375 0.0125 0.040625
0 0.61328125 0.76484375 0.028125 0.034375
0 0.64375 0.73046875 0.0203125 0.03828125
0 0.64453125 0.72578125 0.01953125 0.03671875
0 0.65703125 0.6921875 0.01484375 0.0421875
0 0.81015625 0.89453125 0.02734375 0.0421875
0 0.86328125 0.7296875 0.0203125 0.04765625
0 0.93203125 0.515625 0.0109375 0.0234375
0 0.95390625 0.4671875 0.015625 0.01875
0 0.97265625 0.45546875 0.0140625 0.01953125