0 0.13203125 0.478125 0.04375 0.0671875
0 0.16171875 0.44765625 0.0421875 0.0703125
0 0.15625 0.7359375 0.04375 0.059375
0 0.1578125 0.73046875 0.046875 0.0703125
0 0.3515625 0.4015625 0.0359375 0.0453125
0 0.4484375 0.425 0.0265625 0.0625
0 0.48046875 0.36640625 0.034375 0.05625
0 0.56015625 0.51640625 0.0484375 0.0578125
0 0.57578125 0.54765625 0.046875 0.0578125
0 0.5875 0.41015625 0.0484375 0.0640625
0 0.68046875 0.503125 0.05625 0.059375
0 0.78359375 0.6953125 0.0671875 0.096875
0 0.86953125 0.7375 0.084375 0.146875