0 0.13125 0.51015625 0.03828125 0.0640625
0 0.15859375 0.47734375 0.0359375 0.06796875
0 0.178125 0.76484375 0.0390625 0.05546875
0 0.17890625 0.759375 0.040625 0.0671875
0 0.34375 0.41484375 0.0328125 0.0421875
0 0.4421875 0.4296875 0.021875 0.06015625
0 0.46875 0.36875 0.03046875 0.05390625
0 0.56171875 0.5109375 0.04375 0.0546875
0 0.5796875 0.540625 0.0421875 0.0546875
0 0.5796875 0.403125 0.04375 0.0609375
0 0.6796875 0.4875 0.05234375 0.05546875
0 0.79921875 0.66953125 0.059375 0.0921875
0 0.8890625 0.7046875 0.071875 0.140625