0 0.01328125 0.55078125 0.0265625 0.05234375
0 0.03203125 0.49921875 0.04609375 0.05625
0 0.04609375 0.81875 0.02578125 0.0546875
0 0.10078125 0.45625 0.0359375 0.05546875
0 0.10625 0.85703125 0.028125 0.0328125
0 0.15546875 0.46875 0.0234375 0.0375
0 0.1796875 0.8390625 0.03671875 0.0625
0 0.18359375 0.7984375 0.0421875 0.06640625
0 0.26171875 0.4828125 0.0265625 0.04609375
0 0.3625 0.959375 0.03828125 0.0796875
0 0.37421875 0.7609375 0.0296875 0.03828125
0 0.39375 0.97265625 0.05234375 0.053125
0 0.390625 0.3125 0.0296875 0.06015625
0 0.52734375 0.534375 0.0171875 0.065625
0 0.56953125 0.81875 0.0640625 0.0765625
0 0.56953125 0.840625 0.01796875 0.0765625
0 0.7421875 0.53515625 0.03203125 0.05546875
0 0.7828125 0.53515625 0.03359375 0.04765625
0 0.8 0.2625 0.0265625 0.075
0 0.85390625 0.2640625 0.02578125 0.059375
0 0.8828125 0.25859375 0.03515625 0.08359375
0 0.87578125 0.2921875 0.01796875 0.053125