0 0.98515625 0.465625 0.0296875 0.05625
0 0.9609375 0.41796875 0.0546875 0.0640625
0 0.9921875 0.73515625 0.015625 0.0578125
0 0.8859375 0.3875 0.0453125 0.0609375
0 0.95 0.78359375 0.0328125 0.0375
0 0.83359375 0.409375 0.0296875 0.040625
0 0.87421875 0.778125 0.046875 0.0671875
0 0.86328125 0.7390625 0.053125 0.0734375
0 0.73203125 0.44140625 0.034375 0.05
0 0.71484375 0.92890625 0.0515625 0.084375
0 0.66953125 0.73515625 0.0359375 0.0421875
0 0.68671875 0.946875 0.0609375 0.0609375
0 0.575 0.29609375 0.0390625 0.0640625
0 0.47890625 0.53828125 0.028125 0.0671875
0 0.48671875 0.82578125 0.0765625 0.0859375
0 0.490625 0.84765625 0.03125 0.078125
0 0.26796875 0.5765625 0.040625 0.0609375
0 0.22734375 0.58359375 0.040625 0.053125
0 0.16328125 0.31796875 0.0390625 0.078125
0 0.11015625 0.32890625 0.0359375 0.0625
0 0.08125 0.32890625 0.0484375 0.0890625
0 0.09375 0.3609375 0.0265625 0.0546875