0 0.4109375 0.6671875 0.06640625 0.12578125
0 0.075 0.759375 0.0828125 0.08984375
0 0.0546875 0.44609375 0.0328125 0.0578125
0 0.0703125 0.19765625 0.04140625 0.078125
0 0.07109375 0.49375 0.04375 0.0578125
0 0.13671875 0.859375 0.071875 0.09609375
0 0.153125 0.6109375 0.0484375 0.09140625
0 0.20859375 0.17265625 0.03046875 0.053125
0 0.2828125 0.59140625 0.05234375 0.053125
0 0.321875 0.95859375 0.0578125 0.08046875
0 0.3421875 0.290625 0.05390625 0.08984375
0 0.3484375 0.9859375 0.0328125 0.02578125
0 0.48125 0.50625 0.01484375 0.04375
0 0.4875 0.3671875 0.0171875 0.034375
0 0.525 0.25 0.0640625 0.096875
0 0.540625 0.70078125 0.0546875 0.10390625
0 0.57734375 0.56640625 0.0484375 0.05078125
0 0.59296875 0.23125 0.0671875 0.109375
0 0.58125 0.60625 0.028125 0.0328125
0 0.62109375 0.66328125 0.0328125 0.04375