0 0.61171875 0.653125 0.0828125 0.134375
0 0.9546875 0.696875 0.090625 0.1
0 0.93359375 0.384375 0.040625 0.0625
0 0.88359375 0.140625 0.0515625 0.0828125
0 0.92421875 0.434375 0.0515625 0.0640625
0 0.909375 0.80546875 0.084375 0.1046875
0 0.85859375 0.56171875 0.0609375 0.096875
0 0.74296875 0.13515625 0.0375 0.05625
0 0.728125 0.56015625 0.059375 0.059375
0 0.73984375 0.9296875 0.06875 0.0875
0 0.62734375 0.2703125 0.065625 0.096875
0 0.71796875 0.96015625 0.0359375 0.0296875
0 0.51953125 0.50390625 0.0203125 0.0453125
0 0.49375 0.36640625 0.021875 0.0359375
0 0.440625 0.25625 0.0765625 0.1046875
0 0.4875 0.7046875 0.06875 0.1109375
0 0.4328125 0.5765625 0.0546875 0.05625
0 0.3703125 0.246875 0.08125 0.1171875
0 0.434375 0.61640625 0.0328125 0.0359375
0 0.403125 0.67890625 0.0390625 0.0484375