0 0.07578125 0.36875 0.01171875 0.0234375
0 0.12578125 0.37578125 0.0171875 0.0140625
0 0.13828125 0.0765625 0.0125 0.01875
0 0.16875 0.94296875 0.0359375 0.05546875
0 0.178125 0.91953125 0.05234375 0.0515625
0 0.20625 0.2953125 0.03203125 0.040625
0 0.28359375 0.65625 0.034375 0.0328125
0 0.30078125 0.8953125 0.05390625 0.0640625
0 0.3140625 0.859375 0.04609375 0.0578125
0 0.37734375 0.59765625 0.0265625 0.05
0 0.434375 0.42578125 0.021875 0.0328125
0 0.590625 0.8859375 0.0484375 0.0453125
0 0.63046875 0.515625 0.0375 0.05
0 0.625 0.52265625 0.0203125 0.03828125
0 0.7390625 0.1375 0.0109375 0.021875
0 0.83203125 0.58125 0.03984375 0.0671875