0 0.9421875 0.46015625 0.015625 0.025
0 0.8921875 0.45625 0.0203125 0.0171875
0 0.9421875 0.1609375 0.015625 0.0203125
0 0.73125 0.98515625 0.046875 0.0296875
0 0.7265625 0.9734375 0.0625 0.053125
0 0.8296875 0.3609375 0.0390625 0.046875
0 0.67890625 0.69765625 0.040625 0.0390625
0 0.6125 0.928125 0.065625 0.0734375
0 0.60703125 0.88984375 0.0578125 0.065625
0 0.6 0.62109375 0.0359375 0.0546875
0 0.5796875 0.44140625 0.028125 0.0359375
0 0.33125 0.85859375 0.05625 0.0546875
0 0.36875 0.48828125 0.046875 0.05625
0 0.37265625 0.49609375 0.028125 0.0421875
0 0.34140625 0.09609375 0.015625 0.0234375
0 0.15859375 0.51015625 0.053125 0.0734375