0 0.91484375 0.89765625 0.046875 0.065625
0 0.91953125 0.54765625 0.040625 0.06875
0 0.75546875 0.63203125 0.0359375 0.04375
0 0.7203125 0.70546875 0.0375 0.1125
0 0.68203125 0.4140625 0.0265625 0.0625
0 0.5015625 0.44765625 0.025 0.0359375
0 0.43203125 0.65 0.071875 0.125
0 0.3875 0.978125 0.040625 0.025
0 0.35703125 0.23125 0.0265625 0.053125
0 0.35859375 0.20078125 0.0296875 0.034375
0 0.296875 0.49453125 0.03125 0.1078125
0 0.1640625 0.32890625 0.053125 0.1421875
0 0.121875 0.3078125 0.0515625 0.1296875