0 0.04609375 0.85234375 0.03984375 0.0625
0 0.078125 0.50390625 0.034375 0.065625
0 0.23203125 0.6046875 0.03203125 0.04140625
0 0.259375 0.68125 0.02578125 0.11015625
0 0.328125 0.3953125 0.0203125 0.06015625
0 0.50390625 0.44765625 0.02109375 0.03359375
0 0.5515625 0.65625 0.06015625 0.11953125
0 0.56171875 0.9875 0.0390625 0.02109375
0 0.6703125 0.24765625 0.021875 0.05078125
0 0.671875 0.2171875 0.02578125 0.03203125
0 0.70234375 0.515625 0.01953125 0.10703125
0 0.85234375 0.36484375 0.0390625 0.13828125
0 0.89609375 0.3484375 0.0390625 0.12578125