0 0.16015625 0.03359375 0.0359375 0.0671875
0 0.171875 0.0453125 0.0390625 0.0625
0 0.2109375 0.01796875 0.0375 0.0359375
0 0.2484375 0.01171875 0.034375 0.0234375
0 0.31640625 0.1796875 0.059375 0.096875
0 0.39140625 0.1578125 0.025 0.0234375
0 0.4203125 0.1578125 0.021875 0.028125
0 0.471875 0.0921875 0.01875 0.0203125
0 0.47890625 0.14375 0.0265625 0.0328125
0 0.50234375 0.15234375 0.0234375 0.0203125
0 0.55703125 0.1265625 0.0234375 0.03125
0 0.559375 0.13984375 0.0234375 0.0234375
0 0.6328125 0.0703125 0.0203125 0.025
0 0.64921875 0.071875 0.01875 0.021875
0 0.58984375 0.465625 0.0765625 0.0875
0 0.71796875 0.0609375 0.0203125 0.0390625
0 0.7453125 0.065625 0.028125 0.03125
0 0.8078125 0.10625 0.0171875 0.01875
0 0.88125 0.10625 0.0234375 0.0375
0 0.896875 0.115625 0.0203125 0.03125