0 0.0515625 0.1375 0.01953125 0.06640625
0 0.065625 0.1453125 0.02421875 0.05859375
0 0.0875 0.0765625 0.01953125 0.06953125
0 0.125 0.06796875 0.0234375 0.04296875
0 0.23984375 0.23828125 0.0375 0.08984375
0 0.30625 0.19765625 0.0203125 0.01953125
0 0.334375 0.18984375 0.015625 0.02421875
0 0.3671875 0.11328125 0.0140625 0.01796875
0 0.3875 0.1609375 0.0203125 0.02890625
0 0.4125 0.16328125 0.0203125 0.01484375
0 0.45859375 0.12421875 0.0171875 0.02734375
0 0.4640625 0.13671875 0.01953125 0.01953125
0 0.5171875 0.05078125 0.015625 0.02109375
0 0.53359375 0.04765625 0.0140625 0.01953125
0 0.578125 0.44375 0.059375 0.07421875
0 0.596875 0.01953125 0.0109375 0.0375
0 0.62421875 0.0171875 0.021875 0.02578125
0 0.6953125 0.03984375 0.0140625 0.01640625
0 0.76640625 0.02109375 0.015625 0.034375
0 0.78359375 0.02578125 0.01328125 0.02890625