0 0.965625 0.68203125 0.015625 0.0203125
0 0.89921875 0.57265625 0.0171875 0.015625
0 0.86796875 0.73828125 0.025 0.0453125
0 0.73359375 0.58515625 0.009375 0.0390625
0 0.6828125 0.646875 0.028125 0.0359375
0 0.64453125 0.5953125 0.028125 0.03125
0 0.60859375 0.5671875 0.025 0.0484375
0 0.53359375 0.7125 0.0234375 0.01875
0 0.5203125 0.46640625 0.0203125 0.021875
0 0.4484375 0.315625 0.025 0.028125
0 0.365625 0.5953125 0.028125 0.025
0 0.07421875 0.53125 0.0359375 0.0453125
0 0.06796875 0.4984375 0.0375 0.0375