0 0.04140625 0.6984375 0.015625 0.0203125
0 0.10390625 0.58671875 0.0171875 0.015625
0 0.140625 0.75078125 0.02421875 0.04375
0 0.26953125 0.59296875 0.00859375 0.03828125
0 0.32265625 0.653125 0.02734375 0.034375
0 0.35859375 0.6 0.0265625 0.03046875
0 0.39375 0.57109375 0.0234375 0.046875
0 0.47421875 0.71328125 0.0234375 0.0171875
0 0.47890625 0.4671875 0.0203125 0.02109375
0 0.5453125 0.3140625 0.0234375 0.02734375
0 0.6375 0.590625 0.0265625 0.02421875
0 0.9265625 0.51640625 0.03515625 0.04375
0 0.93203125 0.48359375 0.0359375 0.03671875