0 0.2 0.36796875 0.0265625 0.05
0 0.21953125 0.3609375 0.02421875 0.0609375
0 0.29765625 0.39296875 0.03046875 0.03046875
0 0.3015625 0.275 0.03046875 0.06015625
0 0.35 0.61171875 0.02421875 0.04140625
0 0.496875 0.584375 0.0265625 0.05859375
0 0.5359375 0.390625 0.04609375 0.05
0 0.57734375 0.5890625 0.0375 0.0453125
0 0.5984375 0.58671875 0.02265625 0.03984375
0 0.63515625 0.51953125 0.0359375 0.0515625
0 0.665625 0.52265625 0.034375 0.0359375
0 0.7328125 0.37890625 0.0375 0.05859375
0 0.765625 0.09921875 0.04921875 0.05078125
0 0.77734375 0.57265625 0.0375 0.05859375
0 0.859375 0.3546875 0.05078125 0.07109375
0 0.903125 0.3515625 0.0578125 0.07734375