0 0.17734375 0.44453125 0.0375 0.0546875
0 0.19453125 0.4328125 0.0375 0.065625
0 0.278125 0.4453125 0.0375 0.0375
0 0.253125 0.3296875 0.04375 0.065625
0 0.38125 0.64453125 0.0328125 0.0453125
0 0.5171875 0.5828125 0.040625 0.0625
0 0.50859375 0.38515625 0.05625 0.059375
0 0.596875 0.56796875 0.046875 0.053125
0 0.61640625 0.56015625 0.03125 0.04375
0 0.6359375 0.4859375 0.046875 0.059375
0 0.66640625 0.48203125 0.0421875 0.04375
0 0.696875 0.3265625 0.05 0.065625
0 0.6609375 0.046875 0.059375 0.0609375
0 0.78671875 0.503125 0.05 0.065625
0 0.81328125 0.271875 0.0671875 0.08125
0 0.85546875 0.25859375 0.075 0.0890625