0 0.009375 0.140625 0.015625 0.0328125
0 0.01015625 0.1015625 0.0109375 0.02734375
0 0.06953125 0.12578125 0.0046875 0.03671875
0 0.09921875 0.47734375 0.034375 0.075
0 0.121875 0.1921875 0.01328125 0.0265625
0 0.1578125 0.14609375 0.00859375 0.01875
0 0.3109375 0.7984375 0.19375 0.17734375
0 0.24921875 0.2078125 0.01171875 0.02734375
0 0.503125 0.22578125 0.0140625 0.0171875
0 0.54453125 0.2421875 0.01015625 0.02734375
0 0.7171875 0.9296875 0.14296875 0.13828125
0 0.8796875 0.23984375 0.01171875 0.021875