0 0.646875 0.509375 0.1 0.115625
0 0.08671875 0.98125 0.0359375 0.03515625
0 0.12734375 0.96875 0.0828125 0.0609375
0 0.1265625 0.16171875 0.0203125 0.02421875
0 0.21796875 0.08828125 0.021875 0.02578125
0 0.21875 0.16796875 0.0171875 0.021875
0 0.23515625 0.1171875 0.0234375 0.02421875
0 0.265625 0.13515625 0.0140625 0.01171875
0 0.28984375 0.15390625 0.02890625 0.02578125
0 0.34921875 0.98125 0.1109375 0.03515625
0 0.3203125 0.15234375 0.0171875 0.01875
0 0.46796875 0.109375 0.025 0.021875
0 0.63984375 0.13828125 0.03359375 0.02890625
0 0.78046875 0.51796875 0.0703125 0.11015625
0 0.84609375 0.096875 0.0234375 0.0359375
0 0.8609375 0.1140625 0.02421875 0.021875
0 0.88828125 0.41484375 0.0453125 0.07578125
0 0.89921875 0.12265625 0.02890625 0.0359375
0 0.91484375 0.134375 0.03203125 0.02109375