0 0.35625 0.53203125 0.1171875 0.1296875
0 0.98125 0.9109375 0.0375 0.040625
0 0.94140625 0.9046875 0.090625 0.0734375
0 0.815625 0.1078125 0.0234375 0.0265625
0 0.7140625 0.04921875 0.025 0.028125
0 0.72578125 0.128125 0.0203125 0.025
0 0.7015625 0.08046875 0.0265625 0.028125
0 0.67421875 0.103125 0.015625 0.0140625
0 0.653125 0.125 0.0328125 0.0296875
0 0.72421875 0.9515625 0.115625 0.0515625
0 0.6234375 0.128125 0.0203125 0.021875
0 0.4703125 0.109375 0.028125 0.025
0 0.30546875 0.16484375 0.0375 0.034375
0 0.22578125 0.56171875 0.0859375 0.1203125
0 0.0953125 0.15625 0.028125 0.0390625
0 0.0828125 0.175 0.0265625 0.025
0 0.103125 0.4765625 0.05625 0.08125
0 0.046875 0.18984375 0.034375 0.040625
0 0.0328125 0.20390625 0.034375 0.0265625