0 0.81875 0.7890625 0.128125 0.1625
0 0.14296875 0.0578125 0.1359375 0.115625
0 0.01796875 0.69375 0.0359375 0.059375
0 0.03046875 0.73671875 0.0609375 0.1078125
0 0.12734375 0.3390625 0.1015625 0.115625
0 0.13125 0.34609375 0.0890625 0.096875
0 0.18984375 0.36640625 0.0484375 0.0625
0 0.271875 0.54921875 0.0484375 0.059375
0 0.35 0.46015625 0.0640625 0.0796875
0 0.52109375 0.5890625 0.0453125 0.075
0 0.61953125 0.4015625 0.053125 0.128125
0 0.65859375 0.4171875 0.0765625 0.125
0 0.6875 0.71171875 0.1046875 0.1171875
0 0.725 0.6890625 0.0421875 0.0375
0 0.95078125 0.10546875 0.0171875 0.03125