0 0.86796875 0.72265625 0.1015625 0.1453125
0 0.06015625 0.1046875 0.10859375 0.1578125
0 0.046875 0.7859375 0.06328125 0.0484375
0 0.0828125 0.82265625 0.04609375 0.1015625
0 0.103125 0.41328125 0.0828125 0.10234375
0 0.10859375 0.41953125 0.0734375 0.08515625
0 0.1703125 0.428125 0.0390625 0.05546875
0 0.28515625 0.5921875 0.0390625 0.05234375
0 0.3453125 0.48984375 0.0515625 0.07109375
0 0.5375 0.58359375 0.0328125 0.06953125
0 0.5984375 0.38046875 0.03046875 0.125
0 0.63984375 0.38828125 0.0546875 0.1171875
0 0.72421875 0.671875 0.08671875 0.103125
0 0.75703125 0.64296875 0.0375 0.03125
0 0.8671875 0.0265625 0.01171875 0.02890625
0 0.9421875 0.0484375 0.01328125 0.025
0 0.9515625 0.053125 0.01171875 0.02265625