0 0.80703125 0.52109375 0.053125 0.05
0 0.72421875 0.41640625 0.0359375 0.0515625
0 0.6609375 0.46640625 0.034375 0.0375
0 0.60546875 0.76484375 0.0375 0.05
0 0.64921875 0.51328125 0.0203125 0.034375
0 0.63125 0.57890625 0.0234375 0.0203125
0 0.63046875 0.56953125 0.025 0.0234375
0 0.615625 0.63203125 0.0328125 0.0359375
0 0.5953125 0.70390625 0.0328125 0.0296875
0 0.628125 0.54453125 0.0171875 0.0203125
0 0.6109375 0.61171875 0.025 0.01875
0 0.58046875 0.32578125 0.0234375 0.0234375
0 0.578125 0.35546875 0.0140625 0.0203125
0 0.50625 0.6484375 0.0203125 0.021875
0 0.475 0.7625 0.0328125 0.046875
0 0.40625 0.91328125 0.059375 0.0515625
0 0.44140625 0.70234375 0.0328125 0.0375
0 0.4640625 0.40625 0.0140625 0.01875
0 0.45546875 0.3234375 0.021875 0.01875
0 0.409375 0.5296875 0.0203125 0.028125
0 0.37421875 0.5203125 0.0359375 0.04375
0 0.36953125 0.42578125 0.0171875 0.0328125
0 0.36171875 0.41875 0.0234375 0.0234375
0 0.31640625 0.61328125 0.0328125 0.0328125
0 0.28515625 0.62890625 0.025 0.034375
0 0.31640625 0.44296875 0.025 0.025
0 0.275 0.45078125 0.0203125 0.021875
0 0.2671875 0.37890625 0.0234375 0.0234375
0 0.2515625 0.2953125 0.015625 0.021875
0 0.228125 0.29453125 0.0140625 0.015625
0 0.13359375 0.57890625 0.021875 0.0375