0 0.19375 0.4671875 0.04609375 0.0421875
0 0.29375 0.37890625 0.028125 0.046875
0 0.3171875 0.99296875 0.04296875 0.01171875
0 0.34765625 0.4390625 0.0296875 0.0328125
0 0.35 0.7421875 0.0296875 0.0453125
0 0.35078125 0.4875 0.0140625 0.0328125
0 0.35703125 0.5546875 0.0203125 0.0171875
0 0.359375 0.54609375 0.021875 0.0203125
0 0.36328125 0.61015625 0.028125 0.03125
0 0.37109375 0.684375 0.02890625 0.025
0 0.36640625 0.521875 0.0140625 0.01796875
0 0.37109375 0.590625 0.0234375 0.01484375
0 0.45078125 0.3140625 0.01953125 0.02109375
0 0.4484375 0.34453125 0.01171875 0.01875
0 0.46796875 0.6453125 0.01796875 0.01875
0 0.47890625 0.7625 0.025 0.04296875
0 0.5203125 0.9234375 0.05234375 0.04296875
0 0.52265625 0.709375 0.02734375 0.0328125
0 0.5515625 0.4140625 0.01171875 0.0171875
0 0.57421875 0.33359375 0.01953125 0.01484375
0 0.584375 0.5453125 0.01640625 0.025
0 0.6203125 0.5421875 0.03046875 0.03828125
0 0.64140625 0.44921875 0.0125 0.03125
0 0.65 0.44375 0.01953125 0.0203125
0 0.6609375 0.64375 0.02890625 0.02890625
0 0.6890625 0.6640625 0.0203125 0.03125
0 0.690625 0.47578125 0.021875 0.02109375
0 0.73046875 0.490625 0.01796875 0.01875
0 0.75 0.42109375 0.01953125 0.02109375
0 0.78046875 0.34140625 0.0125 0.0203125
0 0.803125 0.34453125 0.01171875 0.0140625
0 0.846875 0.64140625 0.015625 0.03515625