0 0.053125 0.72265625 0.10625 0.06953125
0 0.046875 0.2359375 0.02109375 0.01875
0 0.11875 0.175 0.025 0.015625
0 0.1390625 0.25546875 0.015625 0.0203125
0 0.159375 0.25234375 0.025 0.02421875
0 0.2203125 0.21015625 0.028125 0.02265625
0 0.2828125 0.1875 0.0359375 0.03828125
0 0.2796875 0.31328125 0.01328125 0.01953125
0 0.340625 0.3234375 0.028125 0.02890625
0 0.36796875 0.23984375 0.0203125 0.025
0 0.50546875 0.321875 0.059375 0.02890625
0 0.509375 0.3296875 0.02578125 0.02890625
0 0.52109375 0.3046875 0.028125 0.021875
0 0.60859375 0.31484375 0.02265625 0.0359375
0 0.66328125 0.2046875 0.02109375 0.01171875