0 0.9515625 0.6984375 0.096875 0.075
0 0.9390625 0.2125 0.021875 0.0203125
0 0.8640625 0.15546875 0.0265625 0.0171875
0 0.84765625 0.23671875 0.0171875 0.021875
0 0.82734375 0.23515625 0.0265625 0.025
0 0.7640625 0.19609375 0.0296875 0.0234375
0 0.70078125 0.1765625 0.0375 0.040625
0 0.71015625 0.30234375 0.0140625 0.0203125
0 0.65 0.315625 0.0296875 0.0296875
0 0.61796875 0.23359375 0.021875 0.0265625
0 0.48515625 0.32265625 0.0609375 0.03125
0 0.48203125 0.33046875 0.0265625 0.0296875
0 0.46875 0.30625 0.0296875 0.0234375
0 0.38203125 0.32109375 0.025 0.0375
0 0.321875 0.21328125 0.021875 0.0125