0 0.9578125 0.5609375 0.03125 0.03125
0 0.9609375 0.4515625 0.0125 0.021875
0 0.95390625 0.3109375 0.0296875 0.0203125
0 0.8890625 0.2671875 0.0171875 0.028125
0 0.7953125 0.58828125 0.0203125 0.025
0 0.79140625 0.578125 0.015625 0.021875
0 0.78125 0.6171875 0.0171875 0.0125
0 0.74375 0.3921875 0.021875 0.03125
0 0.6921875 0.29921875 0.034375 0.0234375
0 0.67890625 0.31875 0.0125 0.015625
0 0.54921875 0.28359375 0.0296875 0.01875
0 0.5296875 0.590625 0.025 0.0296875
0 0.4828125 0.58671875 0.034375 0.034375
0 0.46015625 0.31015625 0.0234375 0.01875
0 0.41484375 0.278125 0.021875 0.03125
0 0.3890625 0.5578125 0.021875 0.03125
0 0.39765625 0.271875 0.021875 0.0359375
0 0.37265625 0.559375 0.025 0.0390625
0 0.3390625 0.2984375 0.021875 0.03125
0 0.29453125 0.55234375 0.01875 0.025
0 0.30234375 0.2828125 0.021875 0.0375
0 0.27890625 0.55078125 0.0203125 0.015625
0 0.1609375 0.58359375 0.0203125 0.025
0 0.1578125 0.36953125 0.028125 0.025
0 0.14375 0.59453125 0.015625 0.0203125
0 0.06484375 0.60546875 0.028125 0.0296875
0 0.0640625 0.6078125 0.028125 0.025