0 0.03984375 0.53671875 0.0296875 0.03046875
0 0.0421875 0.42734375 0.0109375 0.02109375
0 0.05625 0.2875 0.028125 0.01875
0 0.1234375 0.246875 0.01640625 0.0265625
0 0.20078125 0.57265625 0.01875 0.02421875
0 0.2046875 0.5625 0.01484375 0.02109375
0 0.21328125 0.60234375 0.0171875 0.0109375
0 0.2625 0.3796875 0.0203125 0.0296875
0 0.31875 0.2890625 0.0328125 0.021875
0 0.33046875 0.309375 0.0125 0.01484375
0 0.4625 0.28125 0.028125 0.0171875
0 0.465625 0.5890625 0.0234375 0.02890625
0 0.5125 0.5875 0.0328125 0.0328125
0 0.55 0.3125 0.021875 0.01796875
0 0.596875 0.2828125 0.01953125 0.03046875
0 0.6078125 0.56328125 0.02109375 0.0296875
0 0.6140625 0.27734375 0.0203125 0.03515625
0 0.62421875 0.565625 0.02265625 0.03828125
0 0.67109375 0.30703125 0.0203125 0.03046875
0 0.70234375 0.56328125 0.01796875 0.0234375
0 0.70859375 0.29375 0.0203125 0.0359375
0 0.71796875 0.5625 0.0203125 0.01484375
0 0.834375 0.6015625 0.01875 0.0234375
0 0.8484375 0.3875 0.0265625 0.02421875
0 0.85078125 0.61328125 0.01484375 0.0203125
0 0.92890625 0.628125 0.02734375 0.02890625
0 0.9296875 0.63046875 0.02734375 0.02421875