0 0.903125 0.76953125 0.096875 0.1125
0 0.97734375 0.61796875 0.025 0.0234375
0 0.80703125 0.6234375 0.0484375 0.065625
0 0.79296875 0.58046875 0.0390625 0.0609375
0 0.72578125 0.99453125 0.0515625 0.0109375
0 0.740625 0.6375 0.0390625 0.040625
0 0.70625 0.6296875 0.025 0.0265625
0 0.64453125 0.54609375 0.04375 0.0390625
0 0.6515625 0.54296875 0.025 0.0375
0 0.5 0.49453125 0.01875 0.01875
0 0.4734375 0.56875 0.0265625 0.0296875
0 0.4640625 0.5 0.0234375 0.0421875
0 0.42890625 0.50546875 0.0140625 0.0171875
0 0.41171875 0.51875 0.0234375 0.0390625
0 0.384375 0.53828125 0.034375 0.0609375
0 0.30703125 0.946875 0.0578125 0.06875
0 0.32734375 0.58984375 0.04375 0.034375
0 0.24609375 0.4921875 0.0390625 0.053125
0 0.2359375 0.6203125 0.0234375 0.01875
0 0.2203125 0.646875 0.0296875 0.046875
0 0.1390625 0.65625 0.028125 0.0421875
0 0.1015625 0.6640625 0.040625 0.0515625
0 0.0625 0.7125 0.0453125 0.0609375
0 0.025 0.715625 0.05 0.059375