0 0.0671875 0.71875 0.084375 0.103125
0 0.01171875 0.55859375 0.0234375 0.0203125
0 0.18046875 0.58515625 0.04140625 0.0609375
0 0.19921875 0.54453125 0.03203125 0.0578125
0 0.2125 0.9796875 0.04765625 0.0375
0 0.24453125 0.60703125 0.034375 0.0359375
0 0.2796875 0.60390625 0.021875 0.0234375
0 0.35078125 0.528125 0.040625 0.034375
0 0.34453125 0.52421875 0.02109375 0.0359375
0 0.50078125 0.49453125 0.01640625 0.0171875
0 0.51796875 0.57109375 0.02421875 0.0265625
0 0.5359375 0.5046875 0.01796875 0.040625
0 0.56953125 0.5140625 0.0125 0.015625
0 0.58515625 0.5296875 0.01953125 0.0375
0 0.61015625 0.55234375 0.028125 0.0578125
0 0.63671875 0.9671875 0.05078125 0.0625
0 0.66015625 0.61015625 0.040625 0.0296875
0 0.753125 0.5234375 0.03359375 0.05
0 0.74765625 0.6515625 0.02109375 0.015625
0 0.759375 0.6796875 0.025 0.04375
0 0.8390625 0.69921875 0.02421875 0.0390625
0 0.87578125 0.71171875 0.034375 0.0484375
0 0.90859375 0.7640625 0.03828125 0.05625
0 0.946875 0.77265625 0.04765625 0.0546875