0 0.72890625 0.6234375 0.071875 0.1046875
0 0.94921875 0.0140625 0.0359375 0.028125
0 0.984375 0.8296875 0.03125 0.103125
0 0.9453125 0.1234375 0.0484375 0.071875
0 0.93671875 0.11484375 0.0421875 0.05
0 0.98203125 0.88125 0.0359375 0.0625
0 0.88984375 0.09453125 0.0609375 0.05625
0 0.88671875 0.0875 0.05 0.05625
0 0.88046875 0.4625 0.0625 0.0953125
0 0.74921875 0.95390625 0.065625 0.0625
0 0.73828125 0.9546875 0.0359375 0.0265625
0 0.68515625 0.73359375 0.059375 0.0609375
0 0.66171875 0.74609375 0.0765625 0.0984375
0 0.67265625 0.88515625 0.0625 0.06875
0 0.659375 0.89296875 0.053125 0.04375
0 0.60859375 0.69765625 0.05 0.0828125
0 0.55078125 0.1546875 0.0625 0.090625
0 0.578125 0.575 0.0578125 0.128125
0 0.56328125 0.33515625 0.046875 0.0734375
0 0.54765625 0.70234375 0.0578125 0.075
0 0.52578125 0.30078125 0.0390625 0.0546875
0 0.5328125 0.5515625 0.0546875 0.1375
0 0.52578125 0.509375 0.0484375 0.096875
0 0.26484375 0.8671875 0.071875 0.078125
0 0.2640625 0.97890625 0.065625 0.0421875
0 0.2046875 0.87265625 0.065625 0.0875
0 0.1703125 0.61953125 0.0453125 0.05625
0 0.1765625 0.8640625 0.065625 0.084375
0 0.1421875 0.89140625 0.04375 0.0265625
0 0.10546875 0.8421875 0.0546875 0.096875