0 0.28046875 0.6390625 0.06484375 0.1
0 0.01640625 0.028125 0.0328125 0.05625
0 0.02578125 0.86328125 0.0515625 0.1
0 0.0296875 0.15546875 0.04375 0.06953125
0 0.0375 0.14609375 0.03828125 0.046875
0 0.04140625 0.91484375 0.040625 0.06015625
0 0.0828125 0.12265625 0.0578125 0.0515625
0 0.08515625 0.115625 0.04609375 0.053125
0 0.11796875 0.4890625 0.05546875 0.0921875
0 0.2828125 0.9703125 0.0625 0.0578125
0 0.29375 0.9703125 0.034375 0.025
0 0.33125 0.74609375 0.05625 0.05703125
0 0.35546875 0.75703125 0.06953125 0.09375
0 0.3546875 0.89609375 0.0578125 0.06484375
0 0.36875 0.903125 0.05 0.040625
0 0.40546875 0.7046875 0.04375 0.08046875
0 0.425 0.159375 0.05703125 0.0875
0 0.42734375 0.58046875 0.0484375 0.125
0 0.425 0.33984375 0.0421875 0.07109375
0 0.46640625 0.70546875 0.05234375 0.07109375
0 0.46015625 0.303125 0.03515625 0.05234375
0 0.47109375 0.55390625 0.0453125 0.134375
0 0.475 0.5109375 0.0421875 0.09453125
0 0.76015625 0.85 0.0671875 0.0734375
0 0.76875 0.97109375 0.0625 0.05625
0 0.8203125 0.85078125 0.06015625 0.0828125
0 0.8375 0.59609375 0.0421875 0.053125
0 0.84765625 0.840625 0.0609375 0.08046875
0 0.884375 0.865625 0.04296875 0.0234375
0 0.9171875 0.8140625 0.0484375 0.09296875